<?xml version="1.0" encoding="utf-8"?>
<COLLADA xmlns="http://www.collada.org/2005/11/COLLADASchema" version="1.4.1">
  <asset>
    <contributor>
      <author>Mixamo</author>
      <authoring_tool>COLLADA Mixamo exporter</authoring_tool>
      <comments/>
    </contributor>
    <created>2023-07-10T16:11:12Z</created>
    <modified>2023-07-10T16:11:12Z</modified>
    <revision/>
    <title/>
    <unit meter="0.010000"/>
    <up_axis>Y_UP</up_axis>
  </asset>
  <library_animations>
    <animation id="mixamorig_Hips-anim" name="mixamorig_Hips">
      <source id="mixamorig_Hips-Matrix-animation-input">
        <float_array id="mixamorig_Hips-Matrix-animation-input-array" count="299">

0.000000 0.033333 0.066667 0.100000 0.133333 0.166667 0.200000 0.233333 0.266667 0.300000 0.333333 0.366667 0.400000 0.433333 0.466667 0.500000
0.533333 0.566667 0.600000 0.633333 0.666667 0.700000 0.733333 0.766667 0.800000 0.833333 0.866667 0.900000 0.933333 0.966667 1.000000 1.033333
1.066667 1.100000 1.133333 1.166667 1.200000 1.233333 1.266667 1.300000 1.333333 1.366667 1.400000 1.433333 1.466667 1.500000 1.533333 1.566667
1.600000 1.633333 1.666667 1.700000 1.733333 1.766667 1.800000 1.833333 1.866667 1.900000 1.933333 1.966667 2.000000 2.033333 2.066667 2.100000
2.133333 2.166667 2.200000 2.233333 2.266667 2.300000 2.333333 2.366667 2.400000 2.433333 2.466667 2.500000 2.533333 2.566667 2.600000 2.633333
2.666667 2.700000 2.733333 2.766667 2.800000 2.833333 2.866667 2.900000 2.933333 2.966667 3.000000 3.033333 3.066667 3.100000 3.133333 3.166667
3.200000 3.233333 3.266667 3.300000 3.333333 3.366667 3.400000 3.433333 3.466667 3.500000 3.533333 3.566667 3.600000 3.633333 3.666667 3.700000
3.733333 3.766667 3.800000 3.833333 3.866667 3.900000 3.933333 3.966667 4.000000 4.033333 4.066667 4.100000 4.133333 4.166667 4.200000 4.233333
4.266667 4.300000 4.333333 4.366667 4.400000 4.433333 4.466667 4.500000 4.533333 4.566667 4.600000 4.633333 4.666667 4.700000 4.733333 4.766667
4.800000 4.833333 4.866667 4.900000 4.933333 4.966667 5.000000 5.033333 5.066667 5.100000 5.133333 5.166667 5.200000 5.233333 5.266667 5.300000
5.333333 5.366667 5.400000 5.433333 5.466667 5.500000 5.533333 5.566667 5.600000 5.633333 5.666667 5.700000 5.733333 5.766667 5.800000 5.833333
5.866667 5.900000 5.933333 5.966667 6.000000 6.033333 6.066667 6.100000 6.133333 6.166667 6.200000 6.233333 6.266667 6.300000 6.333333 6.366667
6.400000 6.433333 6.466667 6.500000 6.533333 6.566667 6.600000 6.633333 6.666667 6.700000 6.733333 6.766667 6.800000 6.833333 6.866667 6.900000
6.933333 6.966667 7.000000 7.033333 7.066667 7.100000 7.133333 7.166667 7.200000 7.233333 7.266667 7.300000 7.333333 7.366667 7.400000 7.433333
7.466667 7.500000 7.533333 7.566667 7.600000 7.633333 7.666667 7.700000 7.733333 7.766667 7.800000 7.833333 7.866667 7.900000 7.933333 7.966667
8.000000 8.033333 8.066667 8.100000 8.133333 8.166667 8.200000 8.233333 8.266667 8.300000 8.333333 8.366667 8.400000 8.433333 8.466667 8.500000
8.533333 8.566667 8.600000 8.633333 8.666667 8.700000 8.733333 8.766667 8.800000 8.833333 8.866667 8.900000 8.933333 8.966667 9.000000 9.033333
9.066667 9.100000 9.133333 9.166667 9.200000 9.233333 9.266667 9.300000 9.333333 9.366667 9.400000 9.433333 9.466667 9.500000 9.533333 9.566667
9.600000 9.633333 9.666667 9.700000 9.733333 9.766667 9.800000 9.833333 9.866667 9.900000 9.933333</float_array>
        <technique_common>
          <accessor source="#mixamorig_Hips-Matrix-animation-input-array" count="299">
            <param name="TIME" type="float"/>
          </accessor>
        </technique_common>
      </source>
      <source id="mixamorig_Hips-Matrix-animation-output-transform">
        <float_array id="mixamorig_Hips-Matrix-animation-output-transform-array" count="4784">

0.999786 0.020589 -0.001776 0.099119 -0.020534 0.999436 0.026576 91.902306 0.002322 -0.026534 0.999645 -0.071709 0.000000 0.000000 0.000000 1.000000
0.999749 0.022314 -0.002043 0.267023 -0.022251 0.999388 0.026977 91.866829 0.002644 -0.026924 0.999634 -0.105617 0.000000 0.000000 0.000000 1.000000
0.999712 0.023885 -0.002120 0.429223 -0.023818 0.999340 0.027441 91.838470 0.002774 -0.027382 0.999621 -0.117428 0.000000 0.000000 0.000000 1.000000
0.999688 0.024924 -0.001704 0.572554 -0.024866 0.999292 0.028220 91.830757 0.002406 -0.028169 0.999600 -0.068600 0.000000 0.000000 0.000000 1.000000
0.999667 0.025784 -0.001166 0.704316 -0.025739 0.999243 0.029176 91.816399 0.001917 -0.029136 0.999574 -0.019221 0.000000 0.000000 0.000000 1.000000
0.999643 0.026696 -0.000475 0.825986 -0.026670 0.999188 0.030196 91.785751 0.001281 -0.030172 0.999544 0.028411 0.000000 0.000000 0.000000 1.000000
0.999613 0.027820 0.000334 0.938180 -0.027817 0.999127 0.031182 91.735527 0.000534 -0.031179 0.999514 0.072493 0.000000 0.000000 0.000000 1.000000
0.999574 0.029161 0.001174 1.040461 -0.029183 0.999059 0.032100 91.668266 -0.000237 -0.032121 0.999484 0.112508 0.000000 0.000000 0.000000 1.000000
0.999530 0.030581 0.001956 1.131625 -0.030629 0.998987 0.032956 91.589561 -0.000946 -0.033000 0.999455 0.149034 0.000000 0.000000 0.000000 1.000000
0.999488 0.031893 0.002635 1.210245 -0.031964 0.998919 0.033751 91.504791 -0.001555 -0.033817 0.999427 0.182880 0.000000 0.000000 0.000000 1.000000
0.999452 0.032957 0.003212 1.274907 -0.033048 0.998859 0.034460 91.417542 -0.002073 -0.034548 0.999401 0.214529 0.000000 0.000000 0.000000 1.000000
0.999424 0.033732 0.003700 1.324488 -0.033841 0.998812 0.035055 91.329796 -0.002513 -0.035160 0.999379 0.243984 0.000000 0.000000 0.000000 1.000000
0.999404 0.034270 0.004079 1.358824 -0.034393 0.998777 0.035519 91.242172 -0.002857 -0.035638 0.999361 0.270848 0.000000 0.000000 0.000000 1.000000
0.999390 0.034669 0.004293 1.379568 -0.034801 0.998751 0.035864 91.154724 -0.003044 -0.035991 0.999347 0.294443 0.000000 0.000000 0.000000 1.000000
0.999377 0.035024 0.004272 1.389995 -0.035156 0.998729 0.036107 91.067528 -0.003002 -0.036235 0.999339 0.313885 0.000000 0.000000 0.000000 1.000000
0.999366 0.035390 0.003977 1.393322 -0.035511 0.998711 0.036270 90.981888 -0.002688 -0.036388 0.999334 0.328199 0.000000 0.000000 0.000000 1.000000
0.999354 0.035777 0.003424 1.391194 -0.035878 0.998694 0.036383 90.900604 -0.002118 -0.036483 0.999332 0.336558 0.000000 0.000000 0.000000 1.000000
0.999342 0.036180 0.002705 1.383721 -0.036255 0.998676 0.036504 90.827614 -0.001381 -0.036578 0.999330 0.338796 0.000000 0.000000 0.000000 1.000000
0.999328 0.036610 0.001952 1.370600 -0.036657 0.998653 0.036716 90.766014 -0.000605 -0.036763 0.999324 0.335950 0.000000 0.000000 0.000000 1.000000
0.999311 0.037093 0.001281 1.351881 -0.037115 0.998622 0.037109 90.716766 0.000098 -0.037131 0.999310 0.330437 0.000000 0.000000 0.000000 1.000000
0.999291 0.037652 0.000746 1.327928 -0.037654 0.998578 0.037742 90.678322 0.000676 -0.037743 0.999287 0.325555 0.000000 0.000000 0.000000 1.000000
0.999267 0.038286 0.000340 1.298925 -0.038271 0.998521 0.038622 90.647247 0.001139 -0.038607 0.999254 0.324328 0.000000 0.000000 0.000000 1.000000
0.999241 0.038954 0.000028 1.264766 -0.038924 0.998453 0.039705 90.618538 0.001518 -0.039676 0.999211 0.328196 0.000000 0.000000 0.000000 1.000000
0.999216 0.039582 -0.000233 1.225118 -0.039540 0.998380 0.040905 90.586380 0.001852 -0.040864 0.999163 0.336349 0.000000 0.000000 0.000000 1.000000
0.999196 0.040077 -0.000491 1.179486 -0.040020 0.998311 0.042114 90.547523 0.002178 -0.042061 0.999113 0.346329 0.000000 0.000000 0.000000 1.000000
0.999185 0.040356 -0.000787 1.127511 -0.040284 0.998252 0.043251 90.503601 0.002531 -0.043184 0.999064 0.355699 0.000000 0.000000 0.000000 1.000000
0.999183 0.040393 -0.001135 1.069045 -0.040303 0.998204 0.044312 90.460770 0.002923 -0.044230 0.999017 0.363500 0.000000 0.000000 0.000000 1.000000
0.999189 0.040234 -0.001514 1.004406 -0.040124 0.998164 0.045364 90.425781 0.003337 -0.045267 0.998969 0.370360 0.000000 0.000000 0.000000 1.000000
0.999199 0.039975 -0.001877 0.934225 -0.039845 0.998124 0.046487 90.401733 0.003732 -0.046375 0.998917 0.377377 0.000000 0.000000 0.000000 1.000000
0.999208 0.039722 -0.002173 0.859239 -0.039573 0.998078 0.047693 90.386406 0.004063 -0.047569 0.998860 0.384930 0.000000 0.000000 0.000000 1.000000
0.999214 0.039557 -0.002367 0.780027 -0.039394 0.998026 0.048908 90.373566 0.004297 -0.048776 0.998800 0.392216 0.000000 0.000000 0.000000 1.000000
0.999216 0.039515 -0.002458 0.696939 -0.039343 0.997972 0.050033 90.356575 0.004430 -0.049897 0.998745 0.397702 0.000000 0.000000 0.000000 1.000000
0.999214 0.039565 -0.002480 0.609893 -0.039387 0.997921 0.051022 90.332764 0.004494 -0.050885 0.998694 0.399922 0.000000 0.000000 0.000000 1.000000
0.999212 0.039620 -0.002485 0.518454 -0.039438 0.997873 0.051914 90.304359 0.004537 -0.051775 0.998648 0.397956 0.000000 0.000000 0.000000 1.000000
0.999213 0.039576 -0.002515 0.422070 -0.039388 0.997829 0.052782 90.276413 0.004598 -0.052642 0.998603 0.391471 0.000000 0.000000 0.000000 1.000000
0.999221 0.039370 -0.002579 0.320408 -0.039175 0.997790 0.053672 90.252945 0.004687 -0.053529 0.998555 0.380587 0.000000 0.000000 0.000000 1.000000
0.999235 0.039008 -0.002657 0.213647 -0.038805 0.997756 0.054562 90.234886 0.004779 -0.054417 0.998507 0.365799 0.000000 0.000000 0.000000 1.000000
0.999253 0.038554 -0.002709 0.102274 -0.038345 0.997730 0.055361 90.220749 0.004838 -0.055216 0.998463 0.347954 0.000000 0.000000 0.000000 1.000000
0.999272 0.038054 -0.002716 -0.013337 -0.037842 0.997717 0.055943 90.209572 0.004839 -0.055800 0.998430 0.328092 0.000000 0.000000 0.000000 1.000000
0.999292 0.037518 -0.002690 -0.133004 -0.037308 0.997722 0.056199 90.201706 0.004792 -0.056059 0.998416 0.307011 0.000000 0.000000 0.000000 1.000000
0.999314 0.036935 -0.002664 -0.256771 -0.036728 0.997750 0.056084 90.198601 0.004729 -0.055948 0.998422 0.284881 0.000000 0.000000 0.000000 1.000000
0.999337 0.036323 -0.002659 -0.384391 -0.036118 0.997797 0.055641 90.201889 0.004674 -0.055508 0.998447 0.261098 0.000000 0.000000 0.000000 1.000000
0.999358 0.035734 -0.002662 -0.515510 -0.035534 0.997855 0.054973 90.210800 0.004620 -0.054843 0.998484 0.234491 0.000000 0.000000 0.000000 1.000000
0.999376 0.035215 -0.002637 -0.649761 -0.035021 0.997916 0.054197 90.223305 0.004540 -0.054071 0.998527 0.203733 0.000000 0.000000 0.000000 1.000000
0.999393 0.034738 -0.002570 -0.787181 -0.034552 0.997976 0.053388 90.236885 0.004420 -0.053266 0.998571 0.167770 0.000000 0.000000 0.000000 1.000000
0.999413 0.034172 -0.002494 -0.928566 -0.033994 0.998039 0.052553 90.251236 0.004285 -0.052438 0.998615 0.126039 0.000000 0.000000 0.000000 1.000000
0.999441 0.033341 -0.002458 -1.074841 -0.033170 0.998114 0.051651 90.269409 0.004175 -0.051541 0.998662 0.078772 0.000000 0.000000 0.000000 1.000000
0.999480 0.032142 -0.002466 -1.226606 -0.031976 0.998204 0.050649 90.296677 0.004089 -0.050544 0.998713 0.027348 0.000000 0.000000 0.000000 1.000000
0.999528 0.030636 -0.002413 -1.383443 -0.030479 0.998305 0.049587 90.336990 0.003929 -0.049490 0.998767 -0.025672 0.000000 0.000000 0.000000 1.000000
0.999577 0.029022 -0.002111 -1.544044 -0.028886 0.998402 0.048580 90.389656 0.003518 -0.048499 0.998817 -0.077281 0.000000 0.000000 0.000000 1.000000
0.999620 0.027523 -0.001390 -1.706968 -0.027425 0.998483 0.047744 90.448799 0.002702 -0.047688 0.998859 -0.125392 0.000000 0.000000 0.000000 1.000000
0.999655 0.026258 -0.000232 -1.871390 -0.026218 0.998546 0.047107 90.505692 0.001468 -0.047084 0.998890 -0.169543 0.000000 0.000000 0.000000 1.000000
0.999682 0.025201 0.001197 -2.037364 -0.025229 0.998596 0.046583 90.555351 -0.000021 -0.046599 0.998914 -0.210612 0.000000 0.000000 0.000000 1.000000
0.999703 0.024222 0.002638 -2.205527 -0.024318 0.998644 0.046023 90.598785 -0.001520 -0.046073 0.998937 -0.249865 0.000000 0.000000 0.000000 1.000000
0.999724 0.023184 0.003892 -2.376392 -0.023336 0.998702 0.045278 90.641632 -0.002837 -0.045357 0.998967 -0.288205 0.000000 0.000000 0.000000 1.000000
0.999745 0.022024 0.004891 -2.550210 -0.022220 0.998772 0.044276 90.689056 -0.003910 -0.044374 0.999007 -0.325843 0.000000 0.000000 0.000000 1.000000
0.999768 0.020789 0.005670 -2.727245 -0.021014 0.998851 0.043060 90.742355 -0.004768 -0.043169 0.999056 -0.362387 0.000000 0.000000 0.000000 1.000000
0.999788 0.019591 0.006262 -2.908089 -0.019836 0.998930 0.041772 90.798401 -0.005437 -0.041888 0.999108 -0.397116 0.000000 0.000000 0.000000 1.000000
0.999806 0.018547 0.006653 -3.092624 -0.018802 0.998999 0.040598 90.851715 -0.005893 -0.040715 0.999153 -0.429346 0.000000 0.000000 0.000000 1.000000
0.999820 0.017702 0.006802 -3.279986 -0.017958 0.999051 0.039678 90.897530 -0.006093 -0.039793 0.999189 -0.458764 0.000000 0.000000 0.000000 1.000000
0.999833 0.016990 0.006715 -3.469694 -0.017240 0.999088 0.039063 90.934250 -0.006045 -0.039172 0.999214 -0.485506 0.000000 0.000000 0.000000 1.000000
0.999847 0.016263 0.006474 -3.662330 -0.016502 0.999115 0.038700 90.965103 -0.005839 -0.038801 0.999230 -0.509838 0.000000 0.000000 0.000000 1.000000
0.999863 0.015377 0.006192 -3.858646 -0.015605 0.999137 0.038495 90.996498 -0.005595 -0.038587 0.999240 -0.531536 0.000000 0.000000 0.000000 1.000000
0.999881 0.014268 0.005936 -4.058988 -0.014485 0.999158 0.038380 91.034424 -0.005384 -0.038462 0.999246 -0.549354 0.000000 0.000000 0.000000 1.000000
0.999900 0.012942 0.005696 -4.262978 -0.013151 0.999179 0.038329 91.081360 -0.005195 -0.038400 0.999249 -0.561135 0.000000 0.000000 0.000000 1.000000
0.999920 0.011424 0.005437 -4.470224 -0.011624 0.999198 0.038328 91.136070 -0.004995 -0.038388 0.999250 -0.564775 0.000000 0.000000 0.000000 1.000000
0.999939 0.009714 0.005189 -4.680458 -0.009906 0.999215 0.038361 91.195534 -0.004812 -0.038410 0.999250 -0.559258 0.000000 0.000000 0.000000 1.000000
0.999957 0.007798 0.005077 -4.893589 -0.007987 0.999230 0.038417 91.257523 -0.004774 -0.038456 0.999249 -0.545340 0.000000 0.000000 0.000000 1.000000
0.999970 0.005680 0.005265 -5.109383 -0.005878 0.999241 0.038496 91.321945 -0.005043 -0.038526 0.999245 -0.525406 0.000000 0.000000 0.000000 1.000000
0.999977 0.003389 0.005838 -5.327428 -0.003612 0.999248 0.038593 91.389946 -0.005702 -0.038614 0.999238 -0.502338 0.000000 0.000000 0.000000 1.000000
0.999977 0.000985 0.006731 -5.547125 -0.001245 0.999251 0.038686 91.462852 -0.006687 -0.038693 0.999229 -0.478133 0.000000 0.000000 0.000000 1.000000
0.999969 -0.001469 0.007773 -5.767803 0.001167 0.999248 0.038756 91.541672 -0.007824 -0.038746 0.999218 -0.453021 0.000000 0.000000 0.000000 1.000000
0.999954 -0.003937 0.008785 -5.988927 0.003593 0.999240 0.038810 91.626801 -0.008931 -0.038776 0.999208 -0.425454 0.000000 0.000000 0.000000 1.000000
0.999933 -0.006416 0.009658 -6.210272 0.006037 0.999226 0.038862 91.716766 -0.009900 -0.038801 0.999198 -0.392820 0.000000 0.000000 0.000000 1.000000
0.999906 -0.008920 0.010369 -6.431686 0.008510 0.999206 0.038924 91.806870 -0.010708 -0.038832 0.999188 -0.352553 0.000000 0.000000 0.000000 1.000000
0.999875 -0.011429 0.010947 -6.652761 0.010994 0.999179 0.039000 91.889275 -0.011383 -0.038875 0.999179 -0.303505 0.000000 0.000000 0.000000 1.000000
0.999838 -0.013883 0.011420 -6.872888 0.013427 0.999146 0.039082 91.956055 -0.011953 -0.038923 0.999171 -0.246995 0.000000 0.000000 0.000000 1.000000
0.999799 -0.016226 0.011783 -7.091315 0.015754 0.999110 0.039130 92.002907 -0.012408 -0.038937 0.999165 -0.186531 0.000000 0.000000 0.000000 1.000000
0.999757 -0.018471 0.012019 -7.307920 0.017988 0.999075 0.039066 92.031303 -0.012729 -0.038840 0.999164 -0.126582 0.000000 0.000000 0.000000 1.000000
0.999711 -0.020709 0.012171 -7.523024 0.020222 0.999041 0.038829 92.046585 -0.012964 -0.038571 0.999172 -0.071090 0.000000 0.000000 0.000000 1.000000
0.999657 -0.023054 0.012392 -7.737252 0.022563 0.999007 0.038427 92.055115 -0.013266 -0.038134 0.999185 -0.022532 0.000000 0.000000 0.000000 1.000000
0.999590 -0.025565 0.012905 -7.950815 0.025059 0.998966 0.037937 92.060234 -0.013862 -0.037598 0.999197 0.018488 0.000000 0.000000 0.000000 1.000000
0.999506 -0.028203 0.013896 -8.163350 0.027665 0.998915 0.037466 92.061218 -0.014938 -0.037063 0.999201 0.053185 0.000000 0.000000 0.000000 1.000000
0.999405 -0.030852 0.015403 -8.373803 0.030262 0.998853 0.037110 92.054504 -0.016531 -0.036622 0.999192 0.083822 0.000000 0.000000 0.000000 1.000000
0.999293 -0.033367 0.017309 -8.580967 0.032710 0.998782 0.036930 92.036819 -0.018521 -0.036337 0.999168 0.112522 0.000000 0.000000 0.000000 1.000000
0.999176 -0.035616 0.019442 -8.783710 0.034880 0.998708 0.036948 92.008064 -0.020733 -0.036239 0.999128 0.140424 0.000000 0.000000 0.000000 1.000000
0.999061 -0.037501 0.021680 -8.981074 0.036679 0.998636 0.037159 91.972450 -0.023044 -0.036329 0.999074 0.167503 0.000000 0.000000 0.000000 1.000000
0.998954 -0.038942 0.023986 -9.172131 0.038026 0.998572 0.037522 91.935463 -0.025413 -0.036570 0.999008 0.192608 0.000000 0.000000 0.000000 1.000000
0.998857 -0.039870 0.026348 -9.356239 0.038856 0.998524 0.037951 91.899788 -0.027822 -0.036884 0.998932 0.213945 0.000000 0.000000 0.000000 1.000000
0.998777 -0.040246 0.028721 -9.533148 0.039132 0.998499 0.038330 91.863129 -0.030221 -0.037159 0.998852 0.229520 0.000000 0.000000 0.000000 1.000000
0.998715 -0.040092 0.030998 -9.702708 0.038887 0.998500 0.038551 91.820358 -0.032497 -0.037296 0.998776 0.237722 0.000000 0.000000 0.000000 1.000000
0.998673 -0.039506 0.033024 -9.865233 0.038225 0.998525 0.038561 91.765945 -0.034499 -0.037247 0.998710 0.237878 0.000000 0.000000 0.000000 1.000000
0.998653 -0.038622 0.034639 -10.021322 0.037287 0.998567 0.038385 91.696075 -0.036071 -0.037041 0.998663 0.229958 0.000000 0.000000 0.000000 1.000000
0.998655 -0.037564 0.035731 -10.171461 0.036199 0.998618 0.038110 91.610268 -0.037114 -0.036765 0.998635 0.214495 0.000000 0.000000 0.000000 1.000000
0.998677 -0.036417 0.036297 -10.316051 0.035041 0.998669 0.037845 91.512093 -0.037626 -0.036523 0.998624 0.192616 0.000000 0.000000 0.000000 1.000000
0.998715 -0.035203 0.036444 -10.455353 0.033828 0.998717 0.037687 91.407539 -0.037724 -0.036406 0.998625 0.166335 0.000000 0.000000 0.000000 1.000000
0.998763 -0.033913 0.036362 -10.589161 0.032540 0.998759 0.037703 91.302246 -0.037595 -0.036473 0.998627 0.138694 0.000000 0.000000 0.000000 1.000000
0.998813 -0.032533 0.036249 -10.716352 0.031155 0.998794 0.037933 91.197922 -0.037440 -0.036759 0.998623 0.113054 0.000000 0.000000 0.000000 1.000000
0.998859 -0.031080 0.036269 -10.835947 0.029685 0.998822 0.038375 91.091110 -0.037419 -0.037255 0.998605 0.091640 0.000000 0.000000 0.000000 1.000000
0.998894 -0.029614 0.036511 -10.949982 0.028188 0.998842 0.038979 90.976944 -0.037623 -0.037907 0.998573 0.074271 0.000000 0.000000 0.000000 1.000000
0.998917 -0.028216 0.036991 -11.062562 0.026745 0.998855 0.039669 90.852631 -0.038067 -0.038637 0.998528 0.058529 0.000000 0.000000 0.000000 1.000000
0.998927 -0.026954 0.037666 -11.169907 0.025429 0.998861 0.040385 90.723473 -0.038712 -0.039384 0.998474 0.041389 0.000000 0.000000 0.000000 1.000000
0.998925 -0.025855 0.038468 -11.252185 0.024271 0.998860 0.041107 90.601173 -0.039487 -0.040129 0.998414 0.021097 0.000000 0.000000 0.000000 1.000000
0.998916 -0.024911 0.039312 -11.287996 0.023263 0.998854 0.041838 90.500031 -0.040309 -0.040878 0.998351 -0.001969 0.000000 0.000000 0.000000 1.000000
0.998905 -0.024101 0.040100 -11.278339 0.022391 0.998842 0.042583 90.431915 -0.041080 -0.041638 0.998288 -0.025844 0.000000 0.000000 0.000000 1.000000
0.998896 -0.023412 0.040721 -11.240250 0.021644 0.998826 0.043327 90.403709 -0.041688 -0.042398 0.998231 -0.048314 0.000000 0.000000 0.000000 1.000000
0.998896 -0.022818 0.041073 -11.184381 0.021005 0.998809 0.044030 90.415710 -0.042028 -0.043118 0.998186 -0.068016 0.000000 0.000000 0.000000 1.000000
0.998907 -0.022273 0.041102 -11.110609 0.020434 0.998795 0.044625 90.460815 -0.042046 -0.043736 0.998158 -0.084752 0.000000 0.000000 0.000000 1.000000
0.998930 -0.021697 0.040842 -11.016602 0.019853 0.998788 0.045031 90.524994 -0.041769 -0.044172 0.998150 -0.099201 0.000000 0.000000 0.000000 1.000000
0.998963 -0.020994 0.040394 -10.902696 0.019164 0.998796 0.045167 90.590416 -0.041294 -0.044346 0.998162 -0.112557 0.000000 0.000000 0.000000 1.000000
0.999003 -0.020101 0.039858 -10.770567 0.018304 0.998822 0.044947 90.644821 -0.040714 -0.044172 0.998194 -0.126398 0.000000 0.000000 0.000000 1.000000
0.999047 -0.019050 0.039267 -10.622052 0.017306 0.998870 0.044273 90.687881 -0.040066 -0.043552 0.998247 -0.142808 0.000000 0.000000 0.000000 1.000000
0.999093 -0.017982 0.038593 -10.458979 0.016317 0.998941 0.043029 90.730667 -0.039326 -0.042361 0.998328 -0.164389 0.000000 0.000000 0.000000 1.000000
0.999139 -0.017088 0.037794 -10.283610 0.015531 0.999033 0.041123 90.787994 -0.038460 -0.040500 0.998439 -0.193720 0.000000 0.000000 0.000000 1.000000
0.999184 -0.016502 0.036869 -10.097943 0.015078 0.999142 0.038581 90.868744 -0.037474 -0.037994 0.998575 -0.232051 0.000000 0.000000 0.000000 1.000000
0.999226 -0.016222 0.035846 -9.903163 0.014945 0.999254 0.035612 90.970993 -0.036397 -0.035049 0.998723 -0.277998 0.000000 0.000000 0.000000 1.000000
0.999267 -0.016116 0.034711 -9.699591 0.014986 0.999357 0.032560 91.083725 -0.035213 -0.032016 0.998867 -0.327528 0.000000 0.000000 0.000000 1.000000
0.999315 -0.016004 0.033362 -9.487164 0.015013 0.999445 0.029748 91.194099 -0.033820 -0.029227 0.999001 -0.375760 0.000000 0.000000 0.000000 1.000000
0.999375 -0.015750 0.031661 -9.266046 0.014886 0.999515 0.027343 91.280273 -0.032076 -0.026854 0.999125 -0.419425 0.000000 0.000000 0.000000 1.000000
0.999446 -0.015328 0.029535 -9.037262 0.014582 0.999573 0.025322 91.351379 -0.029911 -0.024877 0.999243 -0.457897 0.000000 0.000000 0.000000 1.000000
0.999524 -0.014785 0.027069 -8.802124 0.014149 0.999622 0.023559 91.412048 -0.027407 -0.023165 0.999356 -0.492420 0.000000 0.000000 0.000000 1.000000
0.999599 -0.014181 0.024501 -8.562440 0.013645 0.999666 0.021928 91.464226 -0.024804 -0.021585 0.999459 -0.524439 0.000000 0.000000 0.000000 1.000000
0.999662 -0.013572 0.022153 -8.319763 0.013121 0.999706 0.020373 91.510010 -0.022423 -0.020076 0.999547 -0.554690 0.000000 0.000000 0.000000 1.000000
0.999709 -0.012982 0.020316 -8.075528 0.012598 0.999742 0.018917 91.551575 -0.020556 -0.018655 0.999615 -0.582990 0.000000 0.000000 0.000000 1.000000
0.999740 -0.012399 0.019162 -7.830966 0.012062 0.999773 0.017586 91.592407 -0.019376 -0.017350 0.999662 -0.608927 0.000000 0.000000 0.000000 1.000000
0.999755 -0.011812 0.018709 -7.587497 0.011508 0.999801 0.016309 91.638359 -0.018898 -0.016090 0.999692 -0.632920 0.000000 0.000000 0.000000 1.000000
0.999760 -0.011231 0.018826 -7.346503 0.010951 0.999829 0.014900 91.696014 -0.018991 -0.014690 0.999712 -0.656342 0.000000 0.000000 0.000000 1.000000
0.999757 -0.010653 0.019279 -7.108707 0.010400 0.999859 0.013172 91.769058 -0.019417 -0.012968 0.999727 -0.680155 0.000000 0.000000 0.000000 1.000000
0.999754 -0.010003 0.019814 -6.873385 0.009785 0.999890 0.011102 91.855629 -0.019922 -0.010906 0.999742 -0.703186 0.000000 0.000000 0.000000 1.000000
0.999753 -0.009159 0.020275 -6.638892 0.008980 0.999920 0.008882 91.947472 -0.020354 -0.008698 0.999755 -0.721677 0.000000 0.000000 0.000000 1.000000
0.999753 -0.008072 0.020688 -6.404016 0.007932 0.999945 0.006806 92.033073 -0.020742 -0.006640 0.999763 -0.730730 0.000000 0.000000 0.000000 1.000000
0.999751 -0.006857 0.021221 -6.168747 0.006750 0.999964 0.005089 92.100800 -0.021255 -0.004944 0.999762 -0.726463 0.000000 0.000000 0.000000 1.000000
0.999741 -0.005720 0.022007 -5.933762 0.005639 0.999977 0.003740 92.143616 -0.022028 -0.003615 0.999751 -0.707579 0.000000 0.000000 0.000000 1.000000
0.999724 -0.004787 0.022982 -5.699215 0.004729 0.999985 0.002590 92.162231 -0.022994 -0.002480 0.999733 -0.675656 0.000000 0.000000 0.000000 1.000000
0.999707 -0.003983 0.023874 -5.463817 0.003949 0.999991 0.001443 92.164780 -0.023879 -0.001349 0.999714 -0.634039 0.000000 0.000000 0.000000 1.000000
0.999698 -0.003077 0.024374 -5.225371 0.003071 0.999995 0.000259 92.162537 -0.024375 -0.000184 0.999703 -0.585957 0.000000 0.000000 0.000000 1.000000
0.999703 -0.001844 0.024318 -4.981742 0.001864 0.999998 -0.000799 92.165688 -0.024317 0.000844 0.999704 -0.533571 0.000000 0.000000 0.000000 1.000000
0.999718 -0.000229 0.023743 -4.731942 0.000264 0.999999 -0.001474 92.181702 -0.023743 0.001480 0.999717 -0.478563 0.000000 0.000000 0.000000 1.000000
0.999738 0.001630 0.022822 -4.476199 -0.001594 0.999997 -0.001593 92.214317 -0.022825 0.001557 0.999738 -0.423095 0.000000 0.000000 0.000000 1.000000
0.999757 0.003497 0.021746 -4.215325 -0.003473 0.999993 -0.001163 92.261696 -0.021750 0.001087 0.999763 -0.369996 0.000000 0.000000 0.000000 1.000000
0.999774 0.005192 0.020624 -3.949758 -0.005186 0.999986 -0.000340 92.315865 -0.020626 0.000233 0.999787 -0.322137 0.000000 0.000000 0.000000 1.000000
0.999789 0.006693 0.019446 -3.678822 -0.006707 0.999977 0.000666 92.366531 -0.019441 -0.000797 0.999811 -0.281627 0.000000 0.000000 0.000000 1.000000
0.999803 0.008130 0.018117 -3.400931 -0.008162 0.999965 0.001695 92.406235 -0.018103 -0.001842 0.999834 -0.249641 0.000000 0.000000 0.000000 1.000000
0.999816 0.009657 0.016549 -3.114342 -0.009702 0.999949 0.002638 92.434456 -0.016523 -0.002798 0.999860 -0.226883 0.000000 0.000000 0.000000 1.000000
0.999828 0.011352 0.014687 -2.817917 -0.011403 0.999929 0.003420 92.455917 -0.014647 -0.003587 0.999886 -0.213913 0.000000 0.000000 0.000000 1.000000
0.999835 0.013213 0.012487 -2.511129 -0.013265 0.999904 0.004017 92.475060 -0.012433 -0.004182 0.999914 -0.210864 0.000000 0.000000 0.000000 1.000000
0.999835 0.015213 0.009877 -2.193520 -0.015258 0.999873 0.004498 92.492325 -0.009807 -0.004648 0.999941 -0.217592 0.000000 0.000000 0.000000 1.000000
0.999827 0.017291 0.006788 -1.864358 -0.017325 0.999837 0.005005 92.504135 -0.006700 -0.005122 0.999964 -0.234312 0.000000 0.000000 0.000000 1.000000
0.999808 0.019336 0.003216 -1.523086 -0.019355 0.999796 0.005690 92.506027 -0.003106 -0.005751 0.999979 -0.261941 0.000000 0.000000 0.000000 1.000000
0.999774 0.021244 -0.000750 -1.169993 -0.021239 0.999752 0.006661 92.494965 0.000892 -0.006643 0.999978 -0.301651 0.000000 0.000000 0.000000 1.000000
0.999724 0.022966 -0.004957 -0.805511 -0.022927 0.999705 0.007957 92.470322 0.005138 -0.007841 0.999956 -0.352973 0.000000 0.000000 0.000000 1.000000
0.999656 0.024548 -0.009229 -0.431204 -0.024460 0.999655 0.009552 92.432999 0.009461 -0.009323 0.999912 -0.413896 0.000000 0.000000 0.000000 1.000000
0.999570 0.026076 -0.013418 -0.049060 -0.025924 0.999599 0.011367 92.384552 0.013709 -0.011014 0.999845 -0.481593 0.000000 0.000000 0.000000 1.000000
0.999467 0.027617 -0.017422 0.338789 -0.027388 0.999537 0.013277 92.326294 0.017780 -0.012793 0.999760 -0.554063 0.000000 0.000000 0.000000 1.000000
0.999349 0.029191 -0.021207 0.730209 -0.028874 0.999469 0.015128 92.259659 0.021637 -0.014506 0.999661 -0.631265 0.000000 0.000000 0.000000 1.000000
0.999217 0.030801 -0.024821 1.123008 -0.030390 0.999397 0.016773 92.186760 0.025323 -0.016005 0.999551 -0.714664 0.000000 0.000000 0.000000 1.000000
0.999069 0.032481 -0.028381 1.515103 -0.031974 0.999324 0.018140 92.110168 0.028951 -0.017216 0.999433 -0.805356 0.000000 0.000000 0.000000 1.000000
0.998899 0.034308 -0.032000 1.904612 -0.033703 0.999246 0.019266 92.032188 0.032637 -0.018166 0.999302 -0.902617 0.000000 0.000000 0.000000 1.000000
0.998701 0.036354 -0.035692 2.289559 -0.035646 0.999159 0.020266 91.953316 0.036399 -0.018967 0.999157 -1.004082 0.000000 0.000000 0.000000 1.000000
0.998478 0.038636 -0.039344 2.667869 -0.037820 0.999058 0.021279 91.871262 0.040129 -0.019759 0.998999 -1.106926 0.000000 0.000000 0.000000 1.000000
0.998237 0.041126 -0.042796 3.036877 -0.040194 0.998940 0.022416 91.781647 0.043673 -0.020657 0.998832 -1.208990 0.000000 0.000000 0.000000 1.000000
0.997982 0.043783 -0.045988 3.394082 -0.042726 0.998805 0.023737 91.678810 0.046972 -0.021724 0.998660 -1.309061 0.000000 0.000000 0.000000 1.000000
0.997712 0.046549 -0.049035 3.736805 -0.045352 0.998652 0.025257 91.558594 0.050144 -0.022976 0.998478 -1.406012 0.000000 0.000000 0.000000 1.000000
0.997418 0.049329 -0.052183 4.062331 -0.047971 0.998485 0.026960 91.421265 0.053433 -0.024387 0.998274 -1.498659 0.000000 0.000000 0.000000 1.000000
0.997096 0.051982 -0.055658 4.367629 -0.050437 0.998312 0.028799 91.274742 0.057061 -0.025908 0.998034 -1.586155 0.000000 0.000000 0.000000 1.000000
0.996746 0.054363 -0.059512 4.649447 -0.052606 0.998143 0.030698 91.129486 0.061070 -0.027467 0.997755 -1.667964 0.000000 0.000000 0.000000 1.000000
0.996385 0.056377 -0.063557 4.904760 -0.054390 0.997988 0.032575 90.986176 0.065266 -0.029000 0.997446 -1.743110 0.000000 0.000000 0.000000 1.000000
0.996038 0.057978 -0.067434 5.130650 -0.055758 0.997853 0.034352 90.873512 0.069281 -0.030456 0.997132 -1.809642 0.000000 0.000000 0.000000 1.000000
0.995736 0.059179 -0.070764 5.324704 -0.056743 0.997741 0.035955 90.787521 0.072732 -0.031786 0.996845 -1.864884 0.000000 0.000000 0.000000 1.000000
0.995504 0.059994 -0.073295 5.484939 -0.057378 0.997656 0.037299 90.717331 0.075360 -0.032925 0.996613 -1.906403 0.000000 0.000000 0.000000 1.000000
0.995354 0.060419 -0.074962 5.609233 -0.057672 0.997601 0.038288 90.653984 0.077095 -0.033787 0.996451 -1.933242 0.000000 0.000000 0.000000 1.000000
0.995284 0.060432 -0.075877 5.694730 -0.057610 0.997584 0.038835 90.595840 0.078040 -0.034281 0.996361 -1.946640 0.000000 0.000000 0.000000 1.000000
0.995280 0.060030 -0.076245 5.738256 -0.057190 0.997605 0.038900 90.548309 0.078398 -0.034356 0.996330 -1.949671 0.000000 0.000000 0.000000 1.000000
0.995326 0.059251 -0.076260 5.737319 -0.056439 0.997663 0.038514 90.519806 0.078363 -0.034030 0.996344 -1.945956 0.000000 0.000000 0.000000 1.000000
0.995410 0.058151 -0.076014 5.691628 -0.055402 0.997749 0.037789 90.517334 0.078040 -0.033404 0.996390 -1.938365 0.000000 0.000000 0.000000 1.000000
0.995529 0.056779 -0.075489 5.602982 -0.054115 0.997854 0.036876 90.544312 0.077421 -0.032626 0.996465 -1.928373 0.000000 0.000000 0.000000 1.000000
0.995688 0.055134 -0.074609 5.474092 -0.052569 0.997971 0.035913 90.599655 0.076438 -0.031836 0.996566 -1.916106 0.000000 0.000000 0.000000 1.000000
0.995889 0.053183 -0.073321 5.307412 -0.050726 0.998100 0.034974 90.679161 0.075042 -0.031110 0.996695 -1.900885 0.000000 0.000000 0.000000 1.000000
0.996131 0.050904 -0.071631 5.105136 -0.048563 0.998239 0.034064 90.777084 0.073239 -0.030453 0.996849 -1.881812 0.000000 0.000000 0.000000 1.000000
0.996403 0.048347 -0.069595 4.869851 -0.046128 0.998386 0.033141 90.887085 0.071085 -0.029812 0.997025 -1.858301 0.000000 0.000000 0.000000 1.000000
0.996687 0.045645 -0.067315 4.604769 -0.043558 0.998533 0.032149 91.001793 0.068683 -0.029111 0.997214 -1.830462 0.000000 0.000000 0.000000 1.000000
0.996962 0.042983 -0.064952 4.313615 -0.041035 0.998675 0.031041 91.113136 0.066200 -0.028282 0.997405 -1.798982 0.000000 0.000000 0.000000 1.000000
0.997208 0.040509 -0.062731 3.999776 -0.038699 0.998806 0.029816 91.213783 0.063863 -0.027305 0.997585 -1.764493 0.000000 0.000000 0.000000 1.000000
0.997411 0.038276 -0.060878 3.666122 -0.036593 0.998923 0.028527 91.298782 0.061905 -0.026226 0.997737 -1.726753 0.000000 0.000000 0.000000 1.000000
0.997567 0.036244 -0.059551 3.314675 -0.034669 0.999027 0.027262 91.367134 0.060481 -0.025131 0.997853 -1.684504 0.000000 0.000000 0.000000 1.000000
0.997680 0.034336 -0.058777 2.947316 -0.032848 0.999120 0.026083 91.421921 0.059621 -0.024092 0.997930 -1.636320 0.000000 0.000000 0.000000 1.000000
0.997763 0.032480 -0.058435 2.565853 -0.031062 0.999205 0.025007 91.471161 0.059201 -0.023136 0.997978 -1.581760 0.000000 0.000000 0.000000 1.000000
0.997831 0.030608 -0.058284 2.172240 -0.029249 0.999283 0.024037 91.524696 0.058978 -0.022280 0.998011 -1.521803 0.000000 0.000000 0.000000 1.000000
0.997903 0.028640 -0.058039 1.768319 -0.027332 0.999357 0.023201 91.589584 0.058666 -0.021566 0.998045 -1.458542 0.000000 0.000000 0.000000 1.000000
0.997995 0.026496 -0.057481 1.356005 -0.025235 0.999427 0.022560 91.665779 0.058046 -0.021064 0.998092 -1.394488 0.000000 0.000000 0.000000 1.000000
0.998109 0.024150 -0.056530 0.937581 -0.022927 0.999491 0.022168 91.744942 0.057036 -0.020830 0.998155 -1.331836 0.000000 0.000000 0.000000 1.000000
0.998237 0.021660 -0.055259 0.515789 -0.020467 0.999547 0.022051 91.814270 0.055712 -0.020881 0.998229 -1.271684 0.000000 0.000000 0.000000 1.000000
0.998366 0.019139 -0.053841 0.093772 -0.017967 0.999593 0.022180 91.863579 0.054243 -0.021177 0.998303 -1.213705 0.000000 0.000000 0.000000 1.000000
0.998484 0.016684 -0.052448 -0.325439 -0.015524 0.999627 0.022452 91.890358 0.052803 -0.021604 0.998371 -1.156499 0.000000 0.000000 0.000000 1.000000
0.998587 0.014303 -0.051173 -0.739393 -0.013154 0.999656 0.022705 91.899361 0.051481 -0.022000 0.998432 -1.098318 0.000000 0.000000 0.000000 1.000000
0.998678 0.011927 -0.050003 -1.146314 -0.010798 0.999682 0.022792 91.899567 0.050259 -0.022222 0.998489 -1.037536 0.000000 0.000000 0.000000 1.000000
0.998761 0.009483 -0.048842 -1.544585 -0.008384 0.999708 0.022657 91.900833 0.049043 -0.022220 0.998549 -0.972981 0.000000 0.000000 0.000000 1.000000
0.998843 0.006958 -0.047577 -1.931951 -0.005900 0.999733 0.022352 91.909409 0.047720 -0.022045 0.998617 -0.904496 0.000000 0.000000 0.000000 1.000000
0.998927 0.004399 -0.046114 -2.305083 -0.003388 0.999753 0.021969 91.925766 0.046199 -0.021790 0.998695 -0.833556 0.000000 0.000000 0.000000 1.000000
0.999012 0.001850 -0.044406 -2.660725 -0.000893 0.999767 0.021572 91.945824 0.044436 -0.021511 0.998781 -0.763417 0.000000 0.000000 0.000000 1.000000
0.999098 -0.000701 -0.042460 -2.998222 0.001600 0.999775 0.021153 91.965858 0.042436 -0.021202 0.998874 -0.698324 0.000000 0.000000 0.000000 1.000000
0.999181 -0.003311 -0.040322 -3.320731 0.004147 0.999778 0.020663 91.986206 0.040245 -0.020813 0.998973 -0.642297 0.000000 0.000000 0.000000 1.000000
0.999257 -0.006010 -0.038078 -3.633166 0.006778 0.999776 0.020068 92.011803 0.037949 -0.020311 0.999073 -0.597809 0.000000 0.000000 0.000000 1.000000
0.999319 -0.008716 -0.035850 -3.938555 0.009416 0.999767 0.019419 92.048714 0.035673 -0.019743 0.999168 -0.565166 0.000000 0.000000 0.000000 1.000000
0.999366 -0.011222 -0.033787 -4.236522 0.011864 0.999752 0.018855 92.098709 0.033567 -0.019244 0.999251 -0.542788 0.000000 0.000000 0.000000 1.000000
0.999399 -0.013297 -0.032028 -4.524972 0.013895 0.999732 0.018530 92.155952 0.031773 -0.018964 0.999315 -0.528040 0.000000 0.000000 0.000000 1.000000
0.999420 -0.014828 -0.030654 -4.802644 0.015400 0.999710 0.018499 92.209030 0.030370 -0.018960 0.999359 -0.518290 0.000000 0.000000 0.000000 1.000000
0.999434 -0.015906 -0.029650 -5.070210 0.016464 0.999690 0.018679 92.247353 0.029343 -0.019157 0.999386 -0.511700 0.000000 0.000000 0.000000 1.000000
0.999441 -0.016775 -0.028924 -5.329503 0.017327 0.999670 0.018946 92.267006 0.028596 -0.019437 0.999402 -0.507455 0.000000 0.000000 0.000000 1.000000
0.999441 -0.017692 -0.028355 -5.582232 0.018242 0.999648 0.019240 92.271988 0.028005 -0.019747 0.999413 -0.505827 0.000000 0.000000 0.000000 1.000000
0.999436 -0.018786 -0.027835 -5.829275 0.019335 0.999621 0.019586 92.268349 0.027457 -0.020113 0.999421 -0.508258 0.000000 0.000000 0.000000 1.000000
0.999428 -0.020002 -0.027278 -6.070313 0.020552 0.999588 0.020027 92.261703 0.026866 -0.020576 0.999427 -0.517291 0.000000 0.000000 0.000000 1.000000
0.999422 -0.021149 -0.026604 -6.304236 0.021699 0.999553 0.020563 92.254196 0.026157 -0.021129 0.999435 -0.536109 0.000000 0.000000 0.000000 1.000000
0.999426 -0.022006 -0.025739 -6.529619 0.022553 0.999522 0.021135 92.243843 0.025262 -0.021703 0.999445 -0.567380 0.000000 0.000000 0.000000 1.000000
0.999445 -0.022423 -0.024625 -6.745553 0.022958 0.999502 0.021661 92.225464 0.024127 -0.022214 0.999462 -0.611986 0.000000 0.000000 0.000000 1.000000
0.999480 -0.022382 -0.023225 -6.951865 0.022896 0.999494 0.022095 92.193794 0.022719 -0.022615 0.999486 -0.668418 0.000000 0.000000 0.000000 1.000000
0.999526 -0.021994 -0.021520 -7.149250 0.022477 0.999495 0.022466 92.146507 0.021015 -0.022939 0.999516 -0.733472 0.000000 0.000000 0.000000 1.000000
0.999580 -0.021442 -0.019495 -7.338917 0.021886 0.999499 0.022863 92.085983 0.018995 -0.023280 0.999549 -0.803673 0.000000 0.000000 0.000000 1.000000
0.999634 -0.020902 -0.017155 -7.522027 0.021300 0.999500 0.023381 92.018372 0.016657 -0.023738 0.999579 -0.876305 0.000000 0.000000 0.000000 1.000000
0.999685 -0.020463 -0.014531 -7.699214 0.020809 0.999494 0.024060 91.950714 0.014031 -0.024354 0.999605 -0.949654 0.000000 0.000000 0.000000 1.000000
0.999730 -0.020097 -0.011680 -7.870382 0.020382 0.999483 0.024848 91.887825 0.011175 -0.025080 0.999623 -1.022581 0.000000 0.000000 0.000000 1.000000
0.999769 -0.019682 -0.008625 -8.034785 0.019898 0.999473 0.025643 91.833298 0.008116 -0.025809 0.999634 -1.093982 0.000000 0.000000 0.000000 1.000000
0.999804 -0.019098 -0.005294 -8.191633 0.019231 0.999468 0.026358 91.790886 0.004788 -0.026454 0.999639 -1.162261 0.000000 0.000000 0.000000 1.000000
0.999831 -0.018294 -0.001531 -8.340723 0.018329 0.999468 0.026982 91.761864 0.001036 -0.027006 0.999635 -1.225461 0.000000 0.000000 0.000000 1.000000
0.999846 -0.017319 0.002829 -8.482365 0.017235 0.999471 0.027584 91.740860 -0.003306 -0.027531 0.999615 -1.281668 0.000000 0.000000 0.000000 1.000000
0.999837 -0.016278 0.007860 -8.617249 0.016050 0.999472 0.028259 91.715309 -0.008316 -0.028129 0.999570 -1.329611 0.000000 0.000000 0.000000 1.000000
0.999792 -0.015296 0.013476 -8.746024 0.014898 0.999466 0.029093 91.671623 -0.013914 -0.028887 0.999486 -1.369129 0.000000 0.000000 0.000000 1.000000
0.999706 -0.014478 0.019431 -8.869272 0.013889 0.999450 0.030124 91.603531 -0.019856 -0.029845 0.999357 -1.401216 0.000000 0.000000 0.000000 1.000000
0.999581 -0.013897 0.025391 -8.987370 0.013100 0.999424 0.031318 91.516785 -0.025811 -0.030972 0.999187 -1.427843 0.000000 0.000000 0.000000 1.000000
0.999425 -0.013581 0.031073 -9.100550 0.012568 0.999391 0.032564 91.425446 -0.031496 -0.032155 0.998987 -1.451589 0.000000 0.000000 0.000000 1.000000
0.999248 -0.013508 0.036348 -9.208695 0.012284 0.999356 0.033703 91.342560 -0.036780 -0.033231 0.998771 -1.475337 0.000000 0.000000 0.000000 1.000000
0.999056 -0.013626 0.041243 -9.311545 0.012201 0.999327 0.034593 91.275063 -0.041687 -0.034057 0.998550 -1.501812 0.000000 0.000000 0.000000 1.000000
0.998852 -0.013880 0.045854 -9.408911 0.012272 0.999306 0.035170 91.222008 -0.046310 -0.034567 0.998329 -1.532741 0.000000 0.000000 0.000000 1.000000
0.998636 -0.014248 0.050238 -9.500554 0.012473 0.999293 0.035472 91.177834 -0.050708 -0.034796 0.998107 -1.568125 0.000000 0.000000 0.000000 1.000000
0.998412 -0.014734 0.054375 -9.586646 0.012809 0.999284 0.035592 91.138268 -0.054860 -0.034839 0.997886 -1.606334 0.000000 0.000000 0.000000 1.000000
0.998188 -0.015329 0.058185 -9.667154 0.013269 0.999277 0.035628 91.101837 -0.058689 -0.034791 0.997670 -1.644818 0.000000 0.000000 0.000000 1.000000
0.997974 -0.015939 0.061587 -9.741539 0.013761 0.999271 0.035623 91.069183 -0.062110 -0.034704 0.997466 -1.680993 0.000000 0.000000 0.000000 1.000000
0.997779 -0.016398 0.064566 -9.808676 0.014121 0.999268 0.035564 91.041367 -0.065102 -0.034574 0.997279 -1.713015 0.000000 0.000000 0.000000 1.000000
0.997601 -0.016541 0.067214 -9.867393 0.014183 0.999273 0.035399 91.019516 -0.067751 -0.034360 0.997110 -1.739738 0.000000 0.000000 0.000000 1.000000
0.997434 -0.016316 0.069704 -9.917383 0.013894 0.999288 0.035085 91.005203 -0.070226 -0.034027 0.996951 -1.759921 0.000000 0.000000 0.000000 1.000000
0.997264 -0.015828 0.072203 -9.959768 0.013353 0.999311 0.034624 91.000656 -0.072701 -0.033565 0.996789 -1.771486 0.000000 0.000000 0.000000 1.000000
0.997083 -0.015265 0.074778 -9.996093 0.012746 0.999339 0.034048 91.008148 -0.075248 -0.032995 0.996619 -1.771759 0.000000 0.000000 0.000000 1.000000
