<?xml version="1.0" encoding="utf-8"?>
<COLLADA xmlns="http://www.collada.org/2005/11/COLLADASchema" version="1.4.1">
  <asset>
    <contributor>
      <author>Mixamo</author>
      <authoring_tool>COLLADA Mixamo exporter</authoring_tool>
      <comments/>
    </contributor>
    <created>2023-08-01T23:08:49Z</created>
    <modified>2023-08-01T23:08:49Z</modified>
    <revision/>
    <title/>
    <unit meter="0.010000"/>
    <up_axis>Y_UP</up_axis>
  </asset>
  <library_animations>
    <animation id="Armature-anim" name="Armature">
      <source id="Armature-Matrix-animation-input">
        <float_array id="Armature-Matrix-animation-input-array" count="79">

0.000000 0.033333 0.066667 0.100000 0.133333 0.166667 0.200000 0.233333 0.266667 0.300000 0.333333 0.366667 0.400000 0.433333 0.466667 0.500000
0.533333 0.566667 0.600000 0.633333 0.666667 0.700000 0.733333 0.766667 0.800000 0.833333 0.866667 0.900000 0.933333 0.966667 1.000000 1.033333
1.066667 1.100000 1.133333 1.166667 1.200000 1.233333 1.266667 1.300000 1.333333 1.366667 1.400000 1.433333 1.466667 1.500000 1.533333 1.566667
1.600000 1.633333 1.666667 1.700000 1.733333 1.766667 1.800000 1.833333 1.866667 1.900000 1.933333 1.966667 2.000000 2.033333 2.066667 2.100000
2.133333 2.166667 2.200000 2.233333 2.266667 2.300000 2.333333 2.366667 2.400000 2.433333 2.466667 2.500000 2.533333 2.566667 2.600000</float_array>
        <technique_common>
          <accessor source="#Armature-Matrix-animation-input-array" count="79">
            <param name="TIME" type="float"/>
          </accessor>
        </technique_common>
      </source>
      <source id="Armature-Matrix-animation-output-transform">
        <float_array id="Armature-Matrix-animation-output-transform-array" count="1264">

100.000000 0.000000 0.000000 0.000000 0.000000 0.000000 100.000000 0.000000 0.000000 -100.000000 0.000000 0.000000 0.000000 0.000000 0.000000 1.000000
100.000000 0.000000 0.000000 0.000000 0.000000 0.000000 100.000000 0.000000 0.000000 -100.000000 0.000000 0.000000 0.000000 0.000000 0.000000 1.000000
100.000000 0.000000 0.000000 0.000000 0.000000 0.000000 100.000000 0.000000 0.000000 -100.000000 0.000000 0.000000 0.000000 0.000000 0.000000 1.000000
100.000000 0.000000 0.000000 0.000000 0.000000 0.000000 100.000000 0.000000 0.000000 -100.000000 0.000000 0.000000 0.000000 0.000000 0.000000 1.000000
100.000000 0.000000 0.000000 0.000000 0.000000 0.000000 100.000000 0.000000 0.000000 -100.000000 0.000000 0.000000 0.000000 0.000000 0.000000 1.000000
100.000000 0.000000 0.000000 0.000000 0.000000 0.000000 100.000000 0.000000 0.000000 -100.000000 0.000000 0.000000 0.000000 0.000000 0.000000 1.000000
100.000000 0.000000 0.000000 0.000000 0.000000 0.000000 100.000000 0.000000 0.000000 -100.000000 0.000000 0.000000 0.000000 0.000000 0.000000 1.000000
100.000000 0.000000 0.000000 0.000000 0.000000 0.000000 100.000000 0.000000 0.000000 -100.000000 0.000000 0.000000 0.000000 0.000000 0.000000 1.000000
100.000000 0.000000 0.000000 0.000000 0.000000 0.000000 100.000000 0.000000 0.000000 -100.000000 0.000000 0.000000 0.000000 0.000000 0.000000 1.000000
100.000000 0.000000 0.000000 0.000000 0.000000 0.000000 100.000000 0.000000 0.000000 -100.000000 0.000000 0.000000 0.000000 0.000000 0.000000 1.000000
100.000000 0.000000 0.000000 0.000000 0.000000 0.000000 100.000000 0.000000 0.000000 -100.000000 0.000000 0.000000 0.000000 0.000000 0.000000 1.000000
100.000000 0.000000 0.000000 0.000000 0.000000 0.000000 100.000000 0.000000 0.000000 -100.000000 0.000000 0.000000 0.000000 0.000000 0.000000 1.000000
100.000000 0.000000 0.000000 0.000000 0.000000 0.000000 100.000000 0.000000 0.000000 -100.000000 0.000000 0.000000 0.000000 0.000000 0.000000 1.000000
100.000000 0.000000 0.000000 0.000000 0.000000 0.000000 100.000000 0.000000 0.000000 -100.000000 0.000000 0.000000 0.000000 0.000000 0.000000 1.000000
100.000000 0.000000 0.000000 0.000000 0.000000 0.000000 100.000000 0.000000 0.000000 -100.000000 0.000000 0.000000 0.000000 0.000000 0.000000 1.000000
100.000000 0.000000 0.000000 0.000000 0.000000 0.000000 100.000000 0.000000 0.000000 -100.000000 0.000000 0.000000 0.000000 0.000000 0.000000 1.000000
100.000000 0.000000 0.000000 0.000000 0.000000 0.000000 100.000000 0.000000 0.000000 -100.000000 0.000000 0.000000 0.000000 0.000000 0.000000 1.000000
100.000000 0.000000 0.000000 0.000000 0.000000 0.000000 100.000000 0.000000 0.000000 -100.000000 0.000000 0.000000 0.000000 0.000000 0.000000 1.000000
100.000000 0.000000 0.000000 0.000000 0.000000 0.000000 100.000000 0.000000 0.000000 -100.000000 0.000000 0.000000 0.000000 0.000000 0.000000 1.000000
100.000000 0.000000 0.000000 0.000000 0.000000 0.000000 100.000000 0.000000 0.000000 -100.000000 0.000000 0.000000 0.000000 0.000000 0.000000 1.000000
100.000000 0.000000 0.000000 0.000000 0.000000 0.000000 100.000000 0.000000 0.000000 -100.000000 0.000000 0.000000 0.000000 0.000000 0.000000 1.000000
100.000000 0.000000 0.000000 0.000000 0.000000 0.000000 100.000000 0.000000 0.000000 -100.000000 0.000000 0.000000 0.000000 0.000000 0.000000 1.000000
100.000000 0.000000 0.000000 0.000000 0.000000 0.000000 100.000000 0.000000 0.000000 -100.000000 0.000000 0.000000 0.000000 0.000000 0.000000 1.000000
100.000000 0.000000 0.000000 0.000000 0.000000 0.000000 100.000000 0.000000 0.000000 -100.000000 0.000000 0.000000 0.000000 0.000000 0.000000 1.000000
100.000000 0.000000 0.000000 0.000000 0.000000 0.000000 100.000000 0.000000 0.000000 -100.000000 0.000000 0.000000 0.000000 0.000000 0.000000 1.000000
100.000000 0.000000 0.000000 0.000000 0.000000 0.000000 100.000000 0.000000 0.000000 -100.000000 0.000000 0.000000 0.000000 0.000000 0.000000 1.000000
100.000000 0.000000 0.000000 0.000000 0.000000 0.000000 100.000000 0.000000 0.000000 -100.000000 0.000000 0.000000 0.000000 0.000000 0.000000 1.000000
100.000000 0.000000 0.000000 0.000000 0.000000 0.000000 100.000000 0.000000 0.000000 -100.000000 0.000000 0.000000 0.000000 0.000000 0.000000 1.000000
100.000000 0.000000 0.000000 0.000000 0.000000 0.000000 100.000000 0.000000 0.000000 -100.000000 0.000000 0.000000 0.000000 0.000000 0.000000 1.000000
100.000000 0.000000 0.000000 0.000000 0.000000 0.000000 100.000000 0.000000 0.000000 -100.000000 0.000000 0.000000 0.000000 0.000000 0.000000 1.000000
100.000000 0.000000 0.000000 0.000000 0.000000 0.000000 100.000000 0.000000 0.000000 -100.000000 0.000000 0.000000 0.000000 0.000000 0.000000 1.000000
100.000000 0.000000 0.000000 0.000000 0.000000 0.000000 100.000000 0.000000 0.000000 -100.000000 0.000000 0.000000 0.000000 0.000000 0.000000 1.000000
100.000000 0.000000 0.000000 0.000000 0.000000 0.000000 100.000000 0.000000 0.000000 -100.000000 0.000000 0.000000 0.000000 0.000000 0.000000 1.000000
100.000000 0.000000 0.000000 0.000000 0.000000 0.000000 100.000000 0.000000 0.000000 -100.000000 0.000000 0.000000 0.000000 0.000000 0.000000 1.000000
100.000000 0.000000 0.000000 0.000000 0.000000 0.000000 100.000000 0.000000 0.000000 -100.000000 0.000000 0.000000 0.000000 0.000000 0.000000 1.000000
100.000000 0.000000 0.000000 0.000000 0.000000 0.000000 100.000000 0.000000 0.000000 -100.000000 0.000000 0.000000 0.000000 0.000000 0.000000 1.000000
100.000000 0.000000 0.000000 0.000000 0.000000 0.000000 100.000000 0.000000 0.000000 -100.000000 0.000000 0.000000 0.000000 0.000000 0.000000 1.000000
100.000000 0.000000 0.000000 0.000000 0.000000 0.000000 100.000000 0.000000 0.000000 -100.000000 0.000000 0.000000 0.000000 0.000000 0.000000 1.000000
100.000000 0.000000 0.000000 0.000000 0.000000 0.000000 100.000000 0.000000 0.000000 -100.000000 0.000000 0.000000 0.000000 0.000000 0.000000 1.000000
100.000000 0.000000 0.000000 0.000000 0.000000 0.000000 100.000000 0.000000 0.000000 -100.000000 0.000000 0.000000 0.000000 0.000000 0.000000 1.000000
100.000000 0.000000 0.000000 0.000000 0.000000 0.000000 100.000000 0.000000 0.000000 -100.000000 0.000000 0.000000 0.000000 0.000000 0.000000 1.000000
100.000000 0.000000 0.000000 0.000000 0.000000 0.000000 100.000000 0.000000 0.000000 -100.000000 0.000000 0.000000 0.000000 0.000000 0.000000 1.000000
100.000000 0.000000 0.000000 0.000000 0.000000 0.000000 100.000000 0.000000 0.000000 -100.000000 0.000000 0.000000 0.000000 0.000000 0.000000 1.000000
100.000000 0.000000 0.000000 0.000000 0.000000 0.000000 100.000000 0.000000 0.000000 -100.000000 0.000000 0.000000 0.000000 0.000000 0.000000 1.000000
100.000000 0.000000 0.000000 0.000000 0.000000 0.000000 100.000000 0.000000 0.000000 -100.000000 0.000000 0.000000 0.000000 0.000000 0.000000 1.000000
100.000000 0.000000 0.000000 0.000000 0.000000 0.000000 100.000000 0.000000 0.000000 -100.000000 0.000000 0.000000 0.000000 0.000000 0.000000 1.000000
100.000000 0.000000 0.000000 0.000000 0.000000 0.000000 100.000000 0.000000 0.000000 -100.000000 0.000000 0.000000 0.000000 0.000000 0.000000 1.000000
100.000000 0.000000 0.000000 0.000000 0.000000 0.000000 100.000000 0.000000 0.000000 -100.000000 0.000000 0.000000 0.000000 0.000000 0.000000 1.000000
100.000000 0.000000 0.000000 0.000000 0.000000 0.000000 100.000000 0.000000 0.000000 -100.000000 0.000000 0.000000 0.000000 0.000000 0.000000 1.000000
100.000000 0.000000 0.000000 0.000000 0.000000 0.000000 100.000000 0.000000 0.000000 -100.000000 0.000000 0.000000 0.000000 0.000000 0.000000 1.000000
100.000000 0.000000 0.000000 0.000000 0.000000 0.000000 100.000000 0.000000 0.000000 -100.000000 0.000000 0.000000 0.000000 0.000000 0.000000 1.000000
100.000000 0.000000 0.000000 0.000000 0.000000 0.000000 100.000000 0.000000 0.000000 -100.000000 0.000000 0.000000 0.000000 0.000000 0.000000 1.000000
100.000000 0.000000 0.000000 0.000000 0.000000 0.000000 100.000000 0.000000 0.000000 -100.000000 0.000000 0.000000 0.000000 0.000000 0.000000 1.000000
100.000000 0.000000 0.000000 0.000000 0.000000 0.000000 100.000000 0.000000 0.000000 -100.000000 0.000000 0.000000 0.000000 0.000000 0.000000 1.000000
100.000000 0.000000 0.000000 0.000000 0.000000 0.000000 100.000000 0.000000 0.000000 -100.000000 0.000000 0.000000 0.000000 0.000000 0.000000 1.000000
100.000000 0.000000 0.000000 0.000000 0.000000 0.000000 100.000000 0.000000 0.000000 -100.000000 0.000000 0.000000 0.000000 0.000000 0.000000 1.000000
100.000000 0.000000 0.000000 0.000000 0.000000 0.000000 100.000000 0.000000 0.000000 -100.000000 0.000000 0.000000 0.000000 0.000000 0.000000 1.000000
100.000000 0.000000 0.000000 0.000000 0.000000 0.000000 100.000000 0.000000 0.000000 -100.000000 0.000000 0.000000 0.000000 0.000000 0.000000 1.000000
100.000000 0.000000 0.000000 0.000000 0.000000 0.000000 100.000000 0.000000 0.000000 -100.000000 0.000000 0.000000 0.000000 0.000000 0.000000 1.000000
100.000000 0.000000 0.000000 0.000000 0.000000 0.000000 100.000000 0.000000 0.000000 -100.000000 0.000000 0.000000 0.000000 0.000000 0.000000 1.000000
100.000000 0.000000 0.000000 0.000000 0.000000 0.000000 100.000000 0.000000 0.000000 -100.000000 0.000000 0.000000 0.000000 0.000000 0.000000 1.000000
100.000000 0.000000 0.000000 0.000000 0.000000 0.000000 100.000000 0.000000 0.000000 -100.000000 0.000000 0.000000 0.000000 0.000000 0.000000 1.000000
100.000000 0.000000 0.000000 0.000000 0.000000 0.000000 100.000000 0.000000 0.000000 -100.000000 0.000000 0.000000 0.000000 0.000000 0.000000 1.000000
100.000000 0.000000 0.000000 0.000000 0.000000 0.000000 100.000000 0.000000 0.000000 -100.000000 0.000000 0.000000 0.000000 0.000000 0.000000 1.000000
100.000000 0.000000 0.000000 0.000000 0.000000 0.000000 100.000000 0.000000 0.000000 -100.000000 0.000000 0.000000 0.000000 0.000000 0.000000 1.000000
100.000000 0.000000 0.000000 0.000000 0.000000 0.000000 100.000000 0.000000 0.000000 -100.000000 0.000000 0.000000 0.000000 0.000000 0.000000 1.000000
100.000000 0.000000 0.000000 0.000000 0.000000 0.000000 100.000000 0.000000 0.000000 -100.000000 0.000000 0.000000 0.000000 0.000000 0.000000 1.000000
100.000000 0.000000 0.000000 0.000000 0.000000 0.000000 100.000000 0.000000 0.000000 -100.000000 0.000000 0.000000 0.000000 0.000000 0.000000 1.000000
100.000000 0.000000 0.000000 0.000000 0.000000 0.000000 100.000000 0.000000 0.000000 -100.000000 0.000000 0.000000 0.000000 0.000000 0.000000 1.000000
100.000000 0.000000 0.000000 0.000000 0.000000 0.000000 100.000000 0.000000 0.000000 -100.000000 0.000000 0.000000 0.000000 0.000000 0.000000 1.000000
100.000000 0.000000 0.000000 0.000000 0.000000 0.000000 100.000000 0.000000 0.000000 -100.000000 0.000000 0.000000 0.000000 0.000000 0.000000 1.000000
100.000000 0.000000 0.000000 0.000000 0.000000 0.000000 100.000000 0.000000 0.000000 -100.000000 0.000000 0.000000 0.000000 0.000000 0.000000 1.000000
100.000000 0.000000 0.000000 0.000000 0.000000 0.000000 100.000000 0.000000 0.000000 -100.000000 0.000000 0.000000 0.000000 0.000000 0.000000 1.000000
100.000000 0.000000 0.000000 0.000000 0.000000 0.000000 100.000000 0.000000 0.000000 -100.000000 0.000000 0.000000 0.000000 0.000000 0.000000 1.000000
100.000000 0.000000 0.000000 0.000000 0.000000 0.000000 100.000000 0.000000 0.000000 -100.000000 0.000000 0.000000 0.000000 0.000000 0.000000 1.000000
100.000000 0.000000 0.000000 0.000000 0.000000 0.000000 100.000000 0.000000 0.000000 -100.000000 0.000000 0.000000 0.000000 0.000000 0.000000 1.000000
100.000000 0.000000 0.000000 0.000000 0.000000 0.000000 100.000000 0.000000 0.000000 -100.000000 0.000000 0.000000 0.000000 0.000000 0.000000 1.000000
100.000000 0.000000 0.000000 0.000000 0.000000 0.000000 100.000000 0.000000 0.000000 -100.000000 0.000000 0.000000 0.000000 0.000000 0.000000 1.000000
100.000000 0.000000 0.000000 0.000000 0.000000 0.000000 100.000000 0.000000 0.000000 -100.000000 0.000000 0.000000 0.000000 0.000000 0.000000 1.000000</float_array>
        <technique_common>
          <accessor source="#Armature-Matrix-animation-output-transform-array" count="79" stride="16">
            <param type="float4x4"/>
          </accessor>
        </technique_common>
      </source>
      <source id="Armature-Interpolations">
        <Name_array id="Armature-Interpolations-array" count="79">
 LINEAR LINEAR LINEAR LINEAR LINEAR LINEAR LINEAR LINEAR LINEAR LINEAR LINEAR
LINEAR LINEAR LINEAR LINEAR LINEAR LINEAR LINEAR LINEAR LINEAR LINEAR LINEAR LINEAR
LINEAR LINEAR LINEAR LINEAR LINEAR LINEAR LINEAR LINEAR LINEAR LINEAR LINEAR LINEAR
LINEAR LINEAR LINEAR LINEAR LINEAR LINEAR LINEAR LINEAR LINEAR LINEAR LINEAR LINEAR
LINEAR LINEAR LINEAR LINEAR LINEAR LINEAR LINEAR LINEAR LINEAR LINEAR LINEAR LINEAR
LINEAR LINEAR LINEAR LINEAR LINEAR LINEAR LINEAR LINEAR LINEAR LINEAR LINEAR LINEAR
LINEAR LINEAR LINEAR LINEAR LINEAR LINEAR LINEAR LINEAR</Name_array>
        <technique_common>
          <accessor source="#Armature-Interpolations-array" count="79">
            <param type="name"/>
          </accessor>
        </technique_common>
      </source>
      <sampler id="Armature-Matrix-animation-transform">
        <input semantic="INPUT" source="#Armature-Matrix-animation-input"/>
        <input semantic="OUTPUT" source="#Armature-Matrix-animation-output-transform"/>
        <input semantic="INTERPOLATION" source="#Armature-Interpolations"/>
      </sampler>
      <channel source="#Armature-Matrix-animation-transform" target="Armature/matrix"/>
    </animation>
    <animation id="Hips-anim" name="Hips">
      <source id="Hips-Matrix-animation-input">
        <float_array id="Hips-Matrix-animation-input-array" count="79">

0.000000 0.033333 0.066667 0.100000 0.133333 0.166667 0.200000 0.233333 0.266667 0.300000 0.333333 0.366667 0.400000 0.433333 0.466667 0.500000
0.533333 0.566667 0.600000 0.633333 0.666667 0.700000 0.733333 0.766667 0.800000 0.833333 0.866667 0.900000 0.933333 0.966667 1.000000 1.033333
1.066667 1.100000 1.133333 1.166667 1.200000 1.233333 1.266667 1.300000 1.333333 1.366667 1.400000 1.433333 1.466667 1.500000 1.533333 1.566667
1.600000 1.633333 1.666667 1.700000 1.733333 1.766667 1.800000 1.833333 1.866667 1.900000 1.933333 1.966667 2.000000 2.033333 2.066667 2.100000
2.133333 2.166667 2.200000 2.233333 2.266667 2.300000 2.333333 2.366667 2.400000 2.433333 2.466667 2.500000 2.533333 2.566667 2.600000</float_array>
        <technique_common>
          <accessor source="#Hips-Matrix-animation-input-array" count="79">
            <param name="TIME" type="float"/>
          </accessor>
        </technique_common>
      </source>
      <source id="Hips-Matrix-animation-output-transform">
        <float_array id="Hips-Matrix-animation-output-transform-array" count="1264">

0.835898 0.180108 -0.518493 0.023475 -0.537081 0.073547 -0.840318 0.168554 -0.113214 0.980894 0.158210 0.920064 0.000000 0.000000 0.000000 1.000000
0.821233 0.182198 -0.540722 0.017742 -0.560063 0.076180 -0.824940 0.143760 -0.109111 0.980306 0.164604 0.926223 0.000000 0.000000 0.000000 1.000000
0.806148 0.181140 -0.563306 0.012934 -0.582590 0.076445 -0.809163 0.119596 -0.103510 0.980482 0.167157 0.933419 0.000000 0.000000 0.000000 1.000000
0.790398 0.175302 -0.586976 0.008942 -0.604689 0.069828 -0.793395 0.095680 -0.098096 0.982035 0.161195 0.941368 0.000000 0.000000 0.000000 1.000000
0.771219 0.163516 -0.615211 0.006015 -0.629947 0.056993 -0.774544 0.070888 -0.091587 0.984893 0.146961 0.950272 0.000000 0.000000 0.000000 1.000000
0.741141 0.147251 -0.655002 0.004680 -0.666602 0.045582 -0.744019 0.044649 -0.079701 0.988048 0.131940 0.959910 0.000000 0.000000 0.000000 1.000000
0.692752 0.126475 -0.709999 0.006647 -0.718923 0.043349 -0.693737 0.015549 -0.056962 0.991022 0.120956 0.967748 0.000000 0.000000 0.000000 1.000000
0.625285 0.102662 -0.773614 0.011543 -0.780027 0.051716 -0.623605 -0.017642 -0.024013 0.993371 0.112416 0.973253 0.000000 0.000000 0.000000 1.000000
0.548236 0.079620 -0.832525 0.018434 -0.836251 0.065296 -0.544445 -0.053931 0.011012 0.994684 0.102379 0.976189 0.000000 0.000000 0.000000 1.000000
0.479434 0.058975 -0.875594 0.026594 -0.876631 0.078520 -0.474713 -0.084994 0.040755 0.995167 0.089345 0.977506 0.000000 0.000000 0.000000 1.000000
0.414787 0.042757 -0.908913 0.035646 -0.907779 0.087913 -0.410133 -0.110111 0.062369 0.995210 0.075280 0.979367 0.000000 0.000000 0.000000 1.000000
0.343618 0.031524 -0.938580 0.045411 -0.935794 0.095407 -0.339393 -0.130528 0.078848 0.994939 0.062284 0.981409 0.000000 0.000000 0.000000 1.000000
0.259802 0.024481 -0.965352 0.055729 -0.960988 0.104791 -0.255970 -0.147947 0.094894 0.994193 0.050751 0.982830 0.000000 0.000000 0.000000 1.000000
0.165354 0.021532 -0.985999 0.066404 -0.979904 0.116684 -0.161783 -0.163477 0.111567 0.992936 0.040394 0.983248 0.000000 0.000000 0.000000 1.000000
0.063569 0.023713 -0.997696 0.076738 -0.989824 0.129028 -0.060001 -0.177732 0.127308 0.991357 0.031674 0.983764 0.000000 0.000000 0.000000 1.000000
-0.046917 0.033936 -0.998322 0.085355 -0.988815 0.140072 0.051231 -0.191034 0.141575 0.989560 0.026985 0.985031 0.000000 0.000000 0.000000 1.000000
-0.170968 0.056695 -0.983644 0.090238 -0.972823 0.148514 0.177647 -0.202453 0.156157 0.987284 0.029763 0.986203 0.000000 0.000000 0.000000 1.000000
-0.312398 0.092180 -0.945468 0.090320 -0.934827 0.147060 0.323220 -0.208894 0.168835 0.984823 0.040232 0.986612 0.000000 0.000000 0.000000 1.000000
-0.469318 0.128545 -0.873623 0.087062 -0.866276 0.124781 0.483732 -0.207131 0.171193 0.983822 0.052793 0.985970 0.000000 0.000000 0.000000 1.000000
-0.630905 0.145854 -0.762027 0.084369 -0.760430 0.078657 0.644639 -0.198418 0.153962 0.986174 0.061287 0.984445 0.000000 0.000000 0.000000 1.000000
-0.779849 0.135590 -0.611106 0.084228 -0.614158 0.023007 0.788848 -0.188329 0.121019 0.990498 0.065332 0.982298 0.000000 0.000000 0.000000 1.000000
-0.900744 0.101854 -0.422239 0.085203 -0.426672 -0.025514 0.904046 -0.181586 0.081308 0.994472 0.066440 0.979219 0.000000 0.000000 0.000000 1.000000
-0.980595 0.053157 -0.188701 0.083117 -0.191510 -0.053911 0.980009 -0.176408 0.041921 0.997130 0.063045 0.977275 0.000000 0.000000 0.000000 1.000000
-0.995330 -0.000513 0.096533 0.076472 0.096404 -0.057218 0.993696 -0.168520 0.005014 0.998362 0.057000 0.978021 0.000000 0.000000 0.000000 1.000000
-0.911503 -0.044807 0.408846 0.066955 0.410611 -0.041892 0.910848 -0.155661 -0.023685 0.998117 0.056583 0.980709 0.000000 0.000000 0.000000 1.000000
-0.726065 -0.070822 0.683969 0.057329 0.686690 -0.022805 0.726592 -0.136294 -0.035861 0.997228 0.065190 0.983007 0.000000 0.000000 0.000000 1.000000
-0.480328 -0.081757 0.873270 0.050165 0.876474 -0.007462 0.481392 -0.110150 -0.032841 0.996624 0.075242 0.985861 0.000000 0.000000 0.000000 1.000000
-0.214221 -0.082825 0.973267 0.046411 0.976494 0.006155 0.215455 -0.078357 -0.023835 0.996545 0.079560 0.988974 0.000000 0.000000 0.000000 1.000000
0.053695 -0.079674 0.995374 0.046931 0.998434 0.019934 -0.052264 -0.041935 -0.015678 0.996622 0.080620 0.990531 0.000000 0.000000 0.000000 1.000000
0.311022 -0.077853 0.947209 0.053616 0.950350 0.036000 -0.309095 -0.001120 -0.010035 0.996315 0.085184 0.989394 0.000000 0.000000 0.000000 1.000000
0.540003 -0.074367 0.838371 0.068002 0.841647 0.053808 -0.537340 0.042954 -0.005151 0.995778 0.091647 0.987005 0.000000 0.000000 0.000000 1.000000
0.719971 -0.058300 0.691551 0.089443 0.693997 0.064858 -0.717050 0.087985 -0.003048 0.996190 0.087156 0.982993 0.000000 0.000000 0.000000 1.000000
0.841349 -0.030232 0.539646 0.115412 0.540463 0.057396 -0.839408 0.130856 -0.005597 0.997894 0.064629 0.976954 0.000000 0.000000 0.000000 1.000000
0.912666 -0.004552 0.408682 0.143540 0.408552 0.037748 -0.911954 0.168854 -0.011276 0.999277 0.036311 0.969715 0.000000 0.000000 0.000000 1.000000
0.950576 0.007512 0.310400 0.172300 0.310139 0.024622 -0.950372 0.199188 -0.014781 0.999669 0.021075 0.962123 0.000000 0.000000 0.000000 1.000000
0.968909 0.004802 0.247370 0.200019 0.247179 0.024988 -0.968647 0.220143 -0.010833 0.999676 0.023025 0.953843 0.000000 0.000000 0.000000 1.000000
0.976568 -0.009729 0.214987 0.224065 0.215187 0.030535 -0.976095 0.232670 0.002932 0.999486 0.031913 0.944454 0.000000 0.000000 0.000000 1.000000
0.980308 -0.031202 0.194995 0.243179 0.195980 0.032442 -0.980071 0.239703 0.024254 0.998986 0.037919 0.935185 0.000000 0.000000 0.000000 1.000000
0.986219 -0.056734 0.155413 0.258787 0.157098 0.026535 -0.987226 0.243579 0.051885 0.998037 0.035082 0.929098 0.000000 0.000000 0.000000 1.000000
0.994343 -0.084759 0.064017 0.273790 0.065359 0.013147 -0.997775 0.245886 0.083729 0.996315 0.018612 0.928508 0.000000 0.000000 0.000000 1.000000
0.989102 -0.112426 -0.095063 0.290131 -0.095792 -0.001084 -0.995401 0.247577 0.111806 0.993659 -0.011842 0.933871 0.000000 0.000000 0.000000 1.000000
0.942011 -0.126337 -0.310894 0.306801 -0.314458 -0.008813 -0.949230 0.249667 0.117183 0.991948 -0.048030 0.942883 0.000000 0.000000 0.000000 1.000000
0.826789 -0.111394 -0.551372 0.322091 -0.556280 -0.016406 -0.830833 0.253800 0.083504 0.993641 -0.075530 0.952489 0.000000 0.000000 0.000000 1.000000
0.626476 -0.074765 -0.775847 0.335962 -0.779198 -0.035223 -0.625787 0.259133 0.019459 0.996579 -0.080323 0.963138 0.000000 0.000000 0.000000 1.000000
0.343669 -0.037617 -0.938337 0.348936 -0.938301 -0.054722 -0.341462 0.263014 -0.038503 0.997793 -0.054102 0.974063 0.000000 0.000000 0.000000 1.000000
0.012842 -0.001538 -0.999916 0.359843 -0.998060 -0.060944 -0.012724 0.263839 -0.060919 0.998140 -0.002318 0.980031 0.000000 0.000000 0.000000 1.000000
-0.313774 0.037133 -0.948771 0.365294 -0.948042 -0.067569 0.310889 0.262417 -0.052563 0.997023 0.056405 0.979316 0.000000 0.000000 0.000000 1.000000
-0.592850 0.061615 -0.802952 0.364079 -0.804337 -0.094373 0.586631 0.260577 -0.039631 0.993628 0.105508 0.975708 0.000000 0.000000 0.000000 1.000000
-0.805293 0.055469 -0.590277 0.357192 -0.591847 -0.133863 0.794857 0.259649 -0.034926 0.989446 0.140628 0.971697 0.000000 0.000000 0.000000 1.000000
-0.943590 0.023503 -0.330281 0.346797 -0.329432 -0.167132 0.929269 0.261029 -0.033360 0.985654 0.165447 0.966252 0.000000 0.000000 0.000000 1.000000
-0.998718 -0.023217 -0.044988 0.333983 -0.039957 -0.184184 0.982079 0.265783 -0.031087 0.982617 0.183021 0.959275 0.000000 0.000000 0.000000 1.000000
-0.969038 -0.072398 0.236058 0.318769 0.245547 -0.182233 0.952102 0.274014 -0.025913 0.980586 0.194368 0.953842 0.000000 0.000000 0.000000 1.000000
-0.864185 -0.115934 0.489637 0.302058 0.502865 -0.164858 0.848498 0.286183 -0.017650 0.979480 0.200767 0.949695 0.000000 0.000000 0.000000 1.000000
-0.696336 -0.149952 0.701876 0.285644 0.717690 -0.137125 0.682728 0.302660 -0.006131 0.979138 0.203104 0.946475 0.000000 0.000000 0.000000 1.000000
-0.479279 -0.170654 0.860912 0.271779 0.877623 -0.102493 0.468266 0.322392 0.008326 0.979986 0.198892 0.944871 0.000000 0.000000 0.000000 1.000000
-0.232551 -0.170577 0.957509 0.261174 0.972205 -0.068255 0.223960 0.343597 0.027152 0.982978 0.181708 0.945486 0.000000 0.000000 0.000000 1.000000
0.021588 -0.149459 0.988532 0.253939 0.998561 -0.045320 -0.028659 0.364558 0.049084 0.987729 0.148266 0.948158 0.000000 0.000000 0.000000 1.000000
0.260604 -0.121392 0.957784 0.250315 0.962862 -0.039854 -0.267037 0.383753 0.070588 0.991804 0.106498 0.952380 0.000000 0.000000 0.000000 1.000000
0.463302 -0.104285 0.880043 0.250416 0.881847 -0.044061 -0.469473 0.399487 0.087735 0.993571 0.071550 0.959016 0.000000 0.000000 0.000000 1.000000
0.617166 -0.102935 0.780071 0.253836 0.780441 -0.046031 -0.623533 0.409407 0.100091 0.993622 0.051926 0.965741 0.000000 0.000000 0.000000 1.000000
0.724522 -0.108648 0.680634 0.258496 0.680384 -0.045155 -0.731464 0.412394 0.110206 0.993054 0.041207 0.971138 0.000000 0.000000 0.000000 1.000000
0.799834 -0.114871 0.589127 0.260661 0.588038 -0.046789 -0.807479 0.409537 0.120321 0.992278 0.030126 0.974878 0.000000 0.000000 0.000000 1.000000
0.855027 -0.118521 0.504858 0.258027 0.502600 -0.050449 -0.863046 0.402317 0.127758 0.991669 0.016434 0.977166 0.000000 0.000000 0.000000 1.000000
0.898199 -0.115529 0.424137 0.249461 0.420299 -0.056994 -0.905594 0.391774 0.128796 0.991668 -0.002635 0.977965 0.000000 0.000000 0.000000 1.000000
0.933859 -0.102278 0.342704 0.234274 0.336849 -0.070419 -0.938922 0.379370 0.120164 0.992260 -0.031309 0.978797 0.000000 0.000000 0.000000 1.000000
0.963299 -0.080664 0.256025 0.212456 0.248448 -0.093189 -0.964152 0.365981 0.101631 0.992375 -0.069728 0.979760 0.000000 0.000000 0.000000 1.000000
0.984926 -0.058041 0.162946 0.185556 0.155115 -0.120512 -0.980518 0.352247 0.076547 0.991014 -0.109693 0.980410 0.000000 0.000000 0.000000 1.000000
0.996880 -0.036930 0.069755 0.156907 0.063838 -0.142462 -0.987740 0.339489 0.046414 0.989111 -0.139660 0.978665 0.000000 0.000000 0.000000 1.000000
0.999725 -0.016890 -0.016252 0.130136 -0.018663 -0.154071 -0.987883 0.328375 0.014181 0.987915 -0.154344 0.973674 0.000000 0.000000 0.000000 1.000000
0.995151 0.004485 -0.098260 0.107905 -0.096355 -0.156358 -0.982989 0.320201 -0.019772 0.987690 -0.155167 0.964130 0.000000 0.000000 0.000000 1.000000
0.982600 0.025461 -0.183980 0.092000 -0.178280 -0.148510 -0.972708 0.315430 -0.052089 0.988583 -0.141387 0.952406 0.000000 0.000000 0.000000 1.000000
0.961421 0.044365 -0.271480 0.081549 -0.264180 -0.126163 -0.956186 0.312210 -0.076672 0.991017 -0.109575 0.942554 0.000000 0.000000 0.000000 1.000000
0.938290 0.064930 -0.339701 0.073058 -0.333553 -0.089703 -0.938454 0.305290 -0.091406 0.993850 -0.062510 0.932675 0.000000 0.000000 0.000000 1.000000
0.917730 0.092738 -0.386228 0.064597 -0.383267 -0.048585 -0.922359 0.292293 -0.104303 0.994504 -0.009044 0.924348 0.000000 0.000000 0.000000 1.000000
0.900904 0.125701 -0.415416 0.056771 -0.417409 -0.011314 -0.908649 0.274077 -0.118918 0.992004 0.042276 0.917247 0.000000 0.000000 0.000000 1.000000
0.884661 0.157314 -0.438894 0.049109 -0.447009 0.018642 -0.894335 0.252170 -0.132509 0.987373 0.086812 0.910269 0.000000 0.000000 0.000000 1.000000
0.867383 0.176833 -0.465163 0.040234 -0.478817 0.041904 -0.876914 0.225249 -0.135575 0.983348 0.121018 0.905995 0.000000 0.000000 0.000000 1.000000
0.850672 0.181334 -0.493432 0.030762 -0.510678 0.062285 -0.857513 0.195492 -0.124763 0.981447 0.145587 0.911240 0.000000 0.000000 0.000000 1.000000
0.835898 0.180108 -0.518493 0.023475 -0.537081 0.073546 -0.840318 0.168554 -0.113215 0.980894 0.158210 0.920064 0.000000 0.000000 0.000000 1.000000</float_array>
        <technique_common>
          <accessor source="#Hips-Matrix-animation-output-transform-array" count="79" stride="16">
            <param type="float4x4"/>
          </accessor>
        </technique_common>
      </source>
      <source id="Hips-Interpolations">
        <Name_array id="Hips-Interpolations-array" count="79">
 LINEAR LINEAR LINEAR LINEAR LINEAR LINEAR LINEAR LINEAR LINEAR LINEAR LINEAR
LINEAR LINEAR LINEAR LINEAR LINEAR LINEAR LINEAR LINEAR LINEAR LINEAR LINEAR LINEAR
LINEAR LINEAR LINEAR LINEAR LINEAR LINEAR LINEAR LINEAR LINEAR LINEAR LINEAR LINEAR
LINEAR LINEAR LINEAR LINEAR LINEAR LINEAR LINEAR LINEAR LINEAR LINEAR LINEAR LINEAR
LINEAR LINEAR LINEAR LINEAR LINEAR LINEAR LINEAR LINEAR LINEAR LINEAR LINEAR LINEAR
LINEAR LINEAR LINEAR LINEAR LINEAR LINEAR LINEAR LINEAR LINEAR LINEAR LINEAR LINEAR
LINEAR LINEAR LINEAR LINEAR LINEAR LINEAR LINEAR LINEAR</Name_array>
        <technique_common>
          <accessor source="#Hips-Interpolations-array" count="79">
            <param type="name"/>
          </accessor>
        </technique_common>
      </source>
      <sampler id="Hips-Matrix-animation-transform">
        <input semantic="INPUT" source="#Hips-Matrix-animation-input"/>
        <input semantic="OUTPUT" source="#Hips-Matrix-animation-output-transform"/>
        <input semantic="INTERPOLATION" source="#Hips-Interpolations"/>
      </sampler>
      <channel source="#Hips-Matrix-animation-transform" target="Hips/matrix"/>
    </animation>
    <animation id="Spine-anim" name="Spine">
      <source id="Spine-Matrix-animation-input">
        <float_array id="Spine-Matrix-animation-input-array" count="79">

0.000000 0.033333 0.066667 0.100000 0.133333 0.166667 0.200000 0.233333 0.266667 0.300000 0.333333 0.366667 0.400000 0.433333 0.466667 0.500000
0.533333 0.566667 0.600000 0.633333 0.666667 0.700000 0.733333 0.766667 0.800000 0.833333 0.866667 0.900000 0.933333 0.966667 1.000000 1.033333
1.066667 1.100000 1.133333 1.166667 1.200000 1.233333 1.266667 1.300000 1.333333 1.366667 1.400000 1.433333 1.466667 1.500000 1.533333 1.566667
1.600000 1.633333 1.666667 1.700000 1.733333 1.766667 1.800000 1.833333 1.866667 1.900000 1.933333 1.966667 2.000000 2.033333 2.066667 2.100000
2.133333 2.166667 2.200000 2.233333 2.266667 2.300000 2.333333 2.366667 2.400000 2.433333 2.466667 2.500000 2.533333 2.566667 2.600000</float_array>
        <technique_common>
          <accessor source="#Spine-Matrix-animation-input-array" count="79">
            <param name="TIME" type="float"/>
          </accessor>
        </technique_common>
      </source>
      <source id="Spine-Matrix-animation-output-transform">
        <float_array id="Spine-Matrix-animation-output-transform-array" count="1264">

0.997998 -0.048462 -0.040639 -0.000000 0.042269 0.989048 -0.141409 0.096400 0.047046 0.139408 0.989117 -0.000000 0.000000 0.000000 0.000000 1.000000
0.997916 -0.049755 -0.041096 0.000000 0.043779 0.989835 -0.135317 0.096400 0.047411 0.133236 0.989950 -0.000000 0.000000 0.000000 0.000000 1.000000
0.997419 -0.055289 -0.045798 0.000000 0.049461 0.991557 -0.119867 0.096400 0.052039 0.117293 0.991733 0.000000 0.000000 0.000000 0.000000 1.000000
0.996368 -0.066015 -0.053786 0.000000 0.060606 0.993471 -0.096651 0.096400 0.059815 0.093040 0.993864 0.000000 0.000000 0.000000 0.000000 1.000000
0.994860 -0.079208 -0.063078 0.000000 0.074802 0.994781 -0.069391 0.096400 0.068245 0.064317 0.995593 0.000000 0.000000 0.000000 0.000000 1.000000
0.994193 -0.084197 -0.067020 0.000000 0.081065 0.995544 -0.048166 0.096400 0.070777 0.042453 0.996588 0.000000 0.000000 0.000000 0.000000 1.000000
0.995156 -0.076127 -0.062201 0.000000 0.073920 0.996575 -0.037060 0.096400 0.064809 0.032282 0.997375 0.000000 0.000000 0.000000 0.000000 1.000000
0.997016 -0.058624 -0.050220 -0.000000 0.056961 0.997800 -0.033929 0.096400 0.052099 0.030968 0.998162 0.000000 0.000000 0.000000 0.000000 1.000000
0.998660 -0.037821 -0.035312 0.000000 0.036561 0.998695 -0.035665 0.096400 0.036615 0.034326 0.998740 0.000000 0.000000 0.000000 0.000000 1.000000
0.999648 -0.016185 -0.021036 0.000000 0.015350 0.999110 -0.039288 0.096400 0.021653 0.038951 0.999006 0.000000 0.000000 0.000000 0.000000 1.000000
0.999960 0.004714 -0.007545 0.000000 -0.005037 0.999046 -0.043371 0.096400 0.007334 0.043408 0.999031 0.000000 0.000000 0.000000 0.000000 1.000000
0.999682 0.024118 0.007427 0.000000 -0.023741 0.998603 -0.047201 0.096400 -0.008555 0.047010 0.998858 0.000000 0.000000 0.000000 0.000000 1.000000
0.998799 0.042173 0.024958 0.000000 -0.040896 0.997929 -0.049660 0.096400 -0.027000 0.048580 0.998454 0.000000 0.000000 0.000000 0.000000 1.000000
0.997403 0.058060 0.042614 0.000000 -0.055924 0.997196 -0.049717 0.096400 -0.045381 0.047205 0.997854 -0.000000 0.000000 0.000000 0.000000 1.000000
0.995932 0.070841 0.055690 -0.000000 -0.068211 0.996526 -0.047784 0.096400 -0.058882 0.043791 0.997304 0.000000 0.000000 0.000000 0.000000 1.000000
0.994859 0.080670 0.061215 0.000000 -0.077956 0.995918 -0.045494 0.096400 -0.064635 0.040488 0.997087 0.000000 0.000000 0.000000 0.000000 1.000000
0.994225 0.088352 0.060913 0.000000 -0.085778 0.995358 -0.043652 0.096400 -0.064487 0.038175 0.997188 -0.000000 0.000000 0.000000 0.000000 1.000000
0.993861 0.092893 0.060091 0.000000 -0.090500 0.995036 -0.041390 0.096400 -0.063637 0.035698 0.997334 0.000000 0.000000 0.000000 0.000000 1.000000
0.993699 0.092557 0.063207 0.000000 -0.090257 0.995181 -0.038332 0.096400 -0.066451 0.032386 0.997264 0.000000 0.000000 0.000000 0.000000 1.000000
0.994038 0.083764 0.069806 0.000000 -0.081379 0.996020 -0.036342 0.096400 -0.072573 0.030444 0.996898 0.000000 0.000000 0.000000 0.000000 1.000000
0.994872 0.067881 0.074974 0.000000 -0.065154 0.997142 -0.038243 0.096400 -0.077356 0.033162 0.996452 0.000000 0.000000 0.000000 0.000000 1.000000
0.996152 0.048457 0.073031 0.000000 -0.045285 0.997984 -0.044475 0.096400 -0.075039 0.040997 0.996337 0.000000 0.000000 0.000000 0.000000 1.000000
0.997440 0.033549 0.063145 0.000000 -0.030214 0.998134 -0.053056 0.096400 -0.064807 0.051012 0.996593 0.000000 0.000000 0.000000 0.000000 1.000000
0.998424 0.026468 0.049491 0.000000 -0.023400 0.997829 -0.061565 0.096400 -0.051013 0.060309 0.996875 0.000000 0.000000 0.000000 0.000000 1.000000
0.998972 0.024395 0.038217 0.000000 -0.021724 0.997393 -0.068819 0.096400 -0.039796 0.067918 0.996897 -0.000000 0.000000 0.000000 0.000000 1.000000
0.999136 0.025153 0.033084 0.000000 -0.022636 0.996975 -0.074353 0.096400 -0.034854 0.073540 0.996683 0.000000 0.000000 0.000000 0.000000 1.000000
0.999118 0.027187 0.031999 0.000000 -0.024629 0.996666 -0.077785 0.096400 -0.034007 0.076928 0.996456 0.000000 0.000000 0.000000 0.000000 1.000000
0.999167 0.027997 0.029702 0.000000 -0.025529 0.996433 -0.080431 0.096400 -0.031848 0.079606 0.996318 0.000000 0.000000 0.000000 0.000000 1.000000
0.999388 0.025995 0.023397 0.000000 -0.023896 0.996017 -0.085906 0.096400 -0.025537 0.085294 0.996028 0.000000 0.000000 0.000000 0.000000 1.000000
0.999655 0.021954 0.014400 0.000000 -0.020462 0.995110 -0.096634 0.096400 -0.016451 0.096306 0.995216 0.000000 0.000000 0.000000 0.000000 1.000000
0.999819 0.018450 0.004562 0.000000 -0.017838 0.993793 -0.109806 0.096400 -0.006560 0.109704 0.993943 0.000000 0.000000 0.000000 0.000000 1.000000
0.999879 0.014148 -0.006509 0.000000 -0.014823 0.992767 -0.119140 0.096400 0.004776 0.119222 0.992856 0.000000 0.000000 0.000000 0.000000 1.000000
0.999758 0.007886 -0.020540 0.000000 -0.010334 0.992483 -0.121944 0.096400 0.019424 0.122127 0.992324 -0.000000 0.000000 0.000000 0.000000 1.000000
0.999307 -0.000503 -0.037224 0.000000 -0.004083 0.992397 -0.123013 0.096400 0.037003 0.123080 0.991707 0.000000 0.000000 0.000000 0.000000 1.000000
0.998534 -0.009861 -0.053222 0.000000 0.002845 0.991466 -0.130332 0.096400 0.054053 0.129990 0.990041 0.000000 0.000000 0.000000 0.000000 1.000000
0.997800 -0.017396 -0.063976 0.000000 0.007825 0.989118 -0.146917 0.096400 0.065836 0.146093 0.987078 0.000000 0.000000 0.000000 0.000000 1.000000
0.997680 -0.019061 -0.065356 -0.000000 0.007901 0.985936 -0.166934 0.096400 0.067619 0.166030 0.983800 0.000000 0.000000 0.000000 0.000000 1.000000
0.998450 -0.012111 -0.054323 0.000000 0.002194 0.983841 -0.179029 0.096400 0.055613 0.178632 0.982343 -0.000000 0.000000 0.000000 0.000000 1.000000
0.999474 0.006248 -0.031829 0.000000 -0.011664 0.984862 -0.172947 0.096400 0.030267 0.173228 0.984417 0.000000 0.000000 0.000000 0.000000 1.000000
0.999450 0.032961 -0.003716 0.000000 -0.033151 0.988737 -0.145943 0.096400 -0.001136 0.145985 0.989286 0.000000 0.000000 0.000000 0.000000 1.000000
0.998124 0.057799 0.020188 0.000000 -0.055367 0.992900 -0.105283 0.096400 -0.026130 0.103968 0.994237 0.000000 0.000000 0.000000 0.000000 1.000000
0.997194 0.068468 0.030283 0.000000 -0.066395 0.995684 -0.064842 0.096400 -0.034591 0.062649 0.997436 0.000000 0.000000 0.000000 0.000000 1.000000
0.997842 0.061109 0.024009 0.000000 -0.060186 0.997484 -0.037465 0.096400 -0.026238 0.035939 0.999009 0.000000 0.000000 0.000000 0.000000 1.000000
0.999109 0.041294 0.008773 -0.000000 -0.041030 0.998754 -0.028407 0.096400 -0.009935 0.028021 0.999558 0.000000 0.000000 0.000000 0.000000 1.000000
0.999778 0.020841 -0.003202 0.000000 -0.020939 0.999195 -0.034223 0.096400 0.002486 0.034283 0.999409 0.000000 0.000000 0.000000 0.000000 1.000000
0.999934 0.009726 -0.006079 0.000000 -0.010001 0.998844 -0.047007 0.096400 0.005615 0.047065 0.998876 0.000000 0.000000 0.000000 0.000000 1.000000
0.999944 0.009541 -0.004591 0.000000 -0.009802 0.998105 -0.060749 0.096400 0.004002 0.060790 0.998143 0.000000 0.000000 0.000000 0.000000 1.000000
0.999921 0.009822 -0.007855 -0.000000 -0.010381 0.997159 -0.074611 0.096400 0.007099 0.074687 0.997182 0.000000 0.000000 0.000000 0.000000 1.000000
0.999797 0.002414 -0.019999 0.000000 -0.004222 0.995855 -0.090855 0.096400 0.019697 0.090921 0.995663 -0.000000 0.000000 0.000000 0.000000 1.000000
0.999289 -0.008583 -0.036702 -0.000000 0.004474 0.993854 -0.110604 0.096400 0.037426 0.110362 0.993187 0.000000 0.000000 0.000000 0.000000 1.000000
0.998599 -0.017549 -0.049919 0.000000 0.010823 0.991196 -0.131963 0.096400 0.051796 0.131238 0.989997 0.000000 0.000000 0.000000 0.000000 1.000000
0.998322 -0.020327 -0.054227 -0.000000 0.011879 0.988340 -0.151799 0.096400 0.056681 0.150900 0.986923 0.000000 0.000000 0.000000 0.000000 1.000000
0.998607 -0.018193 -0.049534 0.000000 0.009608 0.985686 -0.168320 0.096400 0.051887 0.167610 0.984487 0.000000 0.000000 0.000000 0.000000 1.000000
0.999106 -0.013781 -0.039967 0.000000 0.006333 0.983496 -0.180817 0.096400 0.041799 0.180402 0.982704 0.000000 0.000000 0.000000 0.000000 1.000000
0.999481 -0.009463 -0.030790 -0.000000 0.003519 0.982230 -0.187649 0.096400 0.032018 0.187444 0.981753 0.000000 0.000000 0.000000 0.000000 1.000000
0.999663 -0.005107 -0.025456 0.000000 0.000285 0.982565 -0.185919 0.096400 0.025962 0.185849 0.982235 0.000000 0.000000 0.000000 0.000000 1.000000
0.999704 -0.001290 -0.024276 0.000000 -0.002972 0.984618 -0.174695 0.096400 0.024128 0.174715 0.984323 0.000000 0.000000 0.000000 0.000000 1.000000
0.999647 0.001608 -0.026536 0.000000 -0.005783 0.987421 -0.158008 0.096400 0.025948 0.158105 0.987081 -0.000000 0.000000 0.000000 0.000000 1.000000
0.999482 0.002426 -0.032098 0.000000 -0.007000 0.989677 -0.143146 0.096400 0.031420 0.143297 0.989181 -0.000000 0.000000 0.000000 0.000000 1.000000
0.999168 -0.000128 -0.040774 0.000000 -0.005380 0.990839 -0.134940 0.096400 0.040418 0.135047 0.990015 -0.000000 0.000000 0.000000 0.000000 1.000000
0.998679 -0.005101 -0.051124 0.000000 -0.001683 0.991277 -0.131783 0.096400 0.051350 0.131695 0.989959 0.000000 0.000000 0.000000 0.000000 1.000000
