<?xml version="1.0" encoding="utf-8"?>
<COLLADA xmlns="http://www.collada.org/2005/11/COLLADASchema" version="1.4.1">
  <asset>
    <contributor>
      <author>Mixamo</author>
      <authoring_tool>COLLADA Mixamo exporter</authoring_tool>
      <comments/>
    </contributor>
    <created>2023-07-10T17:31:59Z</created>
    <modified>2023-07-10T17:31:59Z</modified>
    <revision/>
    <title/>
    <unit meter="0.010000"/>
    <up_axis>Y_UP</up_axis>
  </asset>
  <library_animations>
    <animation id="mixamorig_Hips-anim" name="mixamorig_Hips">
      <source id="mixamorig_Hips-Matrix-animation-input">
        <float_array id="mixamorig_Hips-Matrix-animation-input-array" count="58">

0.000000 0.033333 0.066667 0.100000 0.133333 0.166667 0.200000 0.233333 0.266667 0.300000 0.333333 0.366667 0.400000 0.433333 0.466667 0.500000
0.533333 0.566667 0.600000 0.633333 0.666667 0.700000 0.733333 0.766667 0.800000 0.833333 0.866667 0.900000 0.933333 0.966667 1.000000 1.033333
1.066667 1.100000 1.133333 1.166667 1.200000 1.233333 1.266667 1.300000 1.333333 1.366667 1.400000 1.433333 1.466667 1.500000 1.533333 1.566667
1.600000 1.633333 1.666667 1.700000 1.733333 1.766667 1.800000 1.833333 1.866667 1.900000</float_array>
        <technique_common>
          <accessor source="#mixamorig_Hips-Matrix-animation-input-array" count="58">
            <param name="TIME" type="float"/>
          </accessor>
        </technique_common>
      </source>
      <source id="mixamorig_Hips-Matrix-animation-output-transform">
        <float_array id="mixamorig_Hips-Matrix-animation-output-transform-array" count="928">

0.730190 0.053016 -0.681184 0.441448 -0.000008 0.996986 0.077585 87.042564 0.683244 -0.056646 0.727990 -1.176846 0.000000 0.000000 0.000000 1.000000
0.729205 0.044612 -0.682839 0.815139 -0.003790 0.998121 0.061163 86.968338 0.684284 -0.042012 0.728004 -1.248746 0.000000 0.000000 0.000000 1.000000
0.721209 0.017838 -0.692488 1.995880 -0.004873 0.999774 0.020678 86.120369 0.692700 -0.011539 0.721133 -1.588704 0.000000 0.000000 0.000000 1.000000
0.697946 -0.026812 -0.715648 3.706129 -0.013463 0.998631 -0.050544 84.113457 0.716024 0.044912 0.696630 -2.067693 0.000000 0.000000 0.000000 1.000000
0.665856 -0.081502 -0.741615 5.795345 -0.032531 0.989898 -0.137996 80.665817 0.745370 0.116011 0.656479 -2.650037 0.000000 0.000000 0.000000 1.000000
0.629131 -0.137195 -0.765095 7.993336 -0.061307 0.972476 -0.224795 75.730095 0.774877 0.188331 0.603404 -3.295147 0.000000 0.000000 0.000000 1.000000
0.602000 -0.189384 -0.775712 9.915495 -0.084935 0.950768 -0.298037 69.571732 0.793966 0.245304 0.556277 -3.887815 0.000000 0.000000 0.000000 1.000000
0.596223 -0.228528 -0.769606 11.454313 -0.074507 0.938741 -0.336473 62.991257 0.799354 0.257954 0.542672 -4.233159 0.000000 0.000000 0.000000 1.000000
0.594990 -0.250276 -0.763773 12.272686 -0.040050 0.939869 -0.339179 57.338207 0.802734 0.232397 0.549189 -4.184297 0.000000 0.000000 0.000000 1.000000
0.597441 -0.232413 -0.767495 12.287773 -0.018087 0.952931 -0.302646 53.798611 0.801709 0.194695 0.565117 -4.009888 0.000000 0.000000 0.000000 1.000000
0.615787 -0.166423 -0.770137 11.555303 -0.009711 0.975761 -0.218623 52.687363 0.787853 0.142104 0.599244 -3.886059 0.000000 0.000000 0.000000 1.000000
0.643739 -0.095714 -0.759236 9.819706 -0.000957 0.992046 -0.125875 54.513599 0.765245 0.081758 0.638527 -3.912484 0.000000 0.000000 0.000000 1.000000
0.685643 -0.041935 -0.726729 7.299952 0.009014 0.998752 -0.049126 59.156643 0.727882 0.027132 0.685166 -4.419553 0.000000 0.000000 0.000000 1.000000
0.727639 0.014796 -0.685800 4.340566 0.011496 0.999364 0.033758 66.030586 0.685863 -0.032448 0.727007 -4.983780 0.000000 0.000000 0.000000 1.000000
0.759640 0.069554 -0.646614 0.799798 0.027078 0.990020 0.138304 75.176865 0.649780 -0.122570 0.750175 -4.766413 0.000000 0.000000 0.000000 1.000000
0.777380 0.096087 -0.621649 -3.145059 0.047483 0.976481 0.210310 86.496552 0.627237 -0.193009 0.754534 -3.738769 0.000000 0.000000 0.000000 1.000000
0.766196 0.089463 -0.636350 -6.720665 0.062440 0.975211 0.212283 96.568695 0.639567 -0.202384 0.741617 -3.106511 0.000000 0.000000 0.000000 1.000000
0.767850 0.044703 -0.639069 -7.537194 0.093104 0.979184 0.180360 108.050728 0.633829 -0.197989 0.747704 -3.256429 0.000000 0.000000 0.000000 1.000000
0.781169 -0.022549 -0.623913 -6.276829 0.133111 0.982385 0.131156 118.715454 0.609965 -0.185505 0.770410 -4.002290 0.000000 0.000000 0.000000 1.000000
0.771799 -0.100009 -0.627953 -4.317806 0.164363 0.985369 0.045082 127.654510 0.614257 -0.138007 0.776944 -4.879578 0.000000 0.000000 0.000000 1.000000
0.760868 -0.163207 -0.628048 -2.947805 0.206150 0.978510 -0.004533 134.675598 0.615291 -0.126023 0.778162 -6.042729 0.000000 0.000000 0.000000 1.000000
0.752972 -0.173854 -0.634672 -2.448694 0.225530 0.974236 0.000697 139.719360 0.618199 -0.143662 0.772782 -7.250192 0.000000 0.000000 0.000000 1.000000
0.756311 -0.134951 -0.640142 -2.478465 0.229576 0.971014 0.066534 142.699234 0.612608 -0.197281 0.765370 -8.114756 0.000000 0.000000 0.000000 1.000000
0.773942 -0.089099 -0.626957 -3.112072 0.246237 0.954482 0.168321 143.351120 0.583422 -0.284650 0.760653 -8.611157 0.000000 0.000000 0.000000 1.000000
0.798849 -0.041106 -0.600125 -3.954370 0.246759 0.932249 0.264615 141.859482 0.548589 -0.359474 0.754870 -8.788759 0.000000 0.000000 0.000000 1.000000
0.820067 -0.009765 -0.572184 -4.467205 0.226182 0.923976 0.308400 139.284729 0.525673 -0.382327 0.759931 -8.828306 0.000000 0.000000 0.000000 1.000000
0.834556 -0.010625 -0.550821 -4.455302 0.209251 0.931002 0.299080 136.585068 0.509638 -0.364859 0.779197 -8.419179 0.000000 0.000000 0.000000 1.000000
0.846022 -0.032039 -0.532185 -4.132212 0.196829 0.946446 0.255925 133.406097 0.495485 -0.321267 0.807021 -7.461725 0.000000 0.000000 0.000000 1.000000
0.854977 -0.062992 -0.514827 -3.819645 0.184028 0.964860 0.187560 129.656677 0.484921 -0.255102 0.836526 -6.067113 0.000000 0.000000 0.000000 1.000000
0.864568 -0.085791 -0.495138 -3.718942 0.158406 0.981612 0.106516 124.683151 0.476895 -0.170523 0.862260 -4.124845 0.000000 0.000000 0.000000 1.000000
0.885531 -0.091063 -0.455569 -3.837716 0.123293 0.991504 0.041466 117.408577 0.447922 -0.092888 0.889234 -1.325782 0.000000 0.000000 0.000000 1.000000
0.918594 -0.080034 -0.387014 -4.096055 0.095524 0.995207 0.020921 108.429489 0.383485 -0.056187 0.921836 1.554196 0.000000 0.000000 0.000000 1.000000
0.946568 -0.048331 -0.318861 -4.198878 0.060917 0.997703 0.029612 97.619415 0.316698 -0.047454 0.947339 3.884650 0.000000 0.000000 0.000000 1.000000
0.968022 -0.030205 -0.249039 -4.437208 0.033389 0.999406 0.008569 86.093048 0.248632 -0.016610 0.968456 4.698422 0.000000 0.000000 0.000000 1.000000
0.978984 -0.068904 -0.191946 -4.680953 0.055644 0.995731 -0.073643 75.654961 0.196201 0.061415 0.978639 3.849411 0.000000 0.000000 0.000000 1.000000
0.968545 -0.144915 -0.202289 -4.098764 0.115915 0.982087 -0.148555 68.042503 0.220194 0.120434 0.967993 3.234731 0.000000 0.000000 0.000000 1.000000
0.948743 -0.223287 -0.223674 -3.110481 0.173826 0.959716 -0.220750 63.596359 0.263954 0.170554 0.949336 2.741053 0.000000 0.000000 0.000000 1.000000
0.931411 -0.274601 -0.238887 -1.949518 0.208798 0.940727 -0.267275 60.264847 0.298121 0.199064 0.933540 2.184285 0.000000 0.000000 0.000000 1.000000
0.913274 -0.300007 -0.275548 -0.851623 0.220914 0.933107 -0.283739 58.125801 0.342240 0.198259 0.918458 1.690540 0.000000 0.000000 0.000000 1.000000
0.892645 -0.320452 -0.317012 -0.047557 0.227502 0.927419 -0.296879 57.253551 0.389138 0.192887 0.900759 1.394610 0.000000 0.000000 0.000000 1.000000
0.880115 -0.318633 -0.351954 0.415781 0.219564 0.930461 -0.293316 57.697052 0.420939 0.180876 0.888872 1.202629 0.000000 0.000000 0.000000 1.000000
0.871867 -0.295110 -0.390842 0.570219 0.198154 0.942385 -0.269530 59.567276 0.447864 0.157548 0.880112 0.962547 0.000000 0.000000 0.000000 1.000000
0.865532 -0.266263 -0.424215 0.416227 0.170848 0.953141 -0.249665 62.609413 0.470814 0.143616 0.870465 0.768213 0.000000 0.000000 0.000000 1.000000
0.860791 -0.230377 -0.453834 0.055028 0.136319 0.963471 -0.230524 66.418556 0.490363 0.136567 0.860752 0.586531 0.000000 0.000000 0.000000 1.000000
0.849562 -0.195662 -0.489858 -0.252353 0.107501 0.973393 -0.202359 70.621063 0.516418 0.119256 0.847992 0.312940 0.000000 0.000000 0.000000 1.000000
0.833193 -0.166709 -0.527255 -0.403308 0.085206 0.980792 -0.175464 74.851669 0.546379 0.101270 0.831393 0.020545 0.000000 0.000000 0.000000 1.000000
0.816801 -0.136483 -0.560543 -0.407745 0.062575 0.986841 -0.149098 78.721199 0.573516 0.086708 0.814593 -0.262138 0.000000 0.000000 0.000000 1.000000
0.799456 -0.105892 -0.591318 -0.363786 0.044001 0.992019 -0.118160 81.916122 0.599111 0.068445 0.797735 -0.501173 0.000000 0.000000 0.000000 1.000000
0.781658 -0.074347 -0.619260 -0.318989 0.028538 0.996093 -0.083567 84.242477 0.623054 0.047648 0.780726 -0.680855 0.000000 0.000000 0.000000 1.000000
0.765723 -0.040551 -0.641891 -0.217950 0.014696 0.998853 -0.045571 85.741463 0.643003 0.025461 0.765441 -0.872608 0.000000 0.000000 0.000000 1.000000
0.751409 -0.008930 -0.659776 -0.048571 0.006368 0.999960 -0.006282 86.579689 0.659806 0.000519 0.751436 -1.042774 0.000000 0.000000 0.000000 1.000000
0.741923 0.011854 -0.670381 0.100632 0.003540 0.999761 0.021595 86.876015 0.670476 -0.018395 0.741703 -1.126983 0.000000 0.000000 0.000000 1.000000
0.737265 0.023077 -0.675209 0.191658 0.002529 0.999315 0.036917 86.966934 0.675599 -0.028925 0.736702 -1.161963 0.000000 0.000000 0.000000 1.000000
0.734766 0.029845 -0.677664 0.249227 0.002003 0.998932 0.046165 87.003479 0.678318 -0.035278 0.733921 -1.179733 0.000000 0.000000 0.000000 1.000000
0.732406 0.037506 -0.679834 0.317332 0.001443 0.998394 0.056635 87.027397 0.680866 -0.042461 0.731176 -1.194116 0.000000 0.000000 0.000000 1.000000
0.730729 0.044197 -0.681236 0.376267 0.000918 0.997838 0.065722 87.039673 0.682667 -0.048651 0.729108 -1.201187 0.000000 0.000000 0.000000 1.000000
0.730171 0.048388 -0.681549 0.410256 0.000516 0.997450 0.071369 87.041542 0.683265 -0.052463 0.728284 -1.196652 0.000000 0.000000 0.000000 1.000000
0.730144 0.053005 -0.681234 0.441146 0.000011 0.996986 0.077585 87.042191 0.683293 -0.056655 0.727943 -1.175906 0.000000 0.000000 0.000000 1.000000</float_array>
        <technique_common>
          <accessor source="#mixamorig_Hips-Matrix-animation-output-transform-array" count="58" stride="16">
            <param type="float4x4"/>
          </accessor>
        </technique_common>
      </source>
      <source id="mixamorig_Hips-Interpolations">
        <Name_array id="mixamorig_Hips-Interpolations-array" count="58">
 LINEAR LINEAR LINEAR LINEAR LINEAR LINEAR LINEAR LINEAR LINEAR LINEAR LINEAR
LINEAR LINEAR LINEAR LINEAR LINEAR LINEAR LINEAR LINEAR LINEAR LINEAR LINEAR LINEAR
LINEAR LINEAR LINEAR LINEAR LINEAR LINEAR LINEAR LINEAR LINEAR LINEAR LINEAR LINEAR
LINEAR LINEAR LINEAR LINEAR LINEAR LINEAR LINEAR LINEAR LINEAR LINEAR LINEAR LINEAR
LINEAR LINEAR LINEAR LINEAR LINEAR LINEAR LINEAR LINEAR LINEAR LINEAR LINEAR</Name_array>
        <technique_common>
          <accessor source="#mixamorig_Hips-Interpolations-array" count="58">
            <param type="name"/>
          </accessor>
        </technique_common>
      </source>
      <sampler id="mixamorig_Hips-Matrix-animation-transform">
        <input semantic="INPUT" source="#mixamorig_Hips-Matrix-animation-input"/>
        <input semantic="OUTPUT" source="#mixamorig_Hips-Matrix-animation-output-transform"/>
        <input semantic="INTERPOLATION" source="#mixamorig_Hips-Interpolations"/>
      </sampler>
      <channel source="#mixamorig_Hips-Matrix-animation-transform" target="mixamorig_Hips/matrix"/>
    </animation>
    <animation id="mixamorig_Spine-anim" name="mixamorig_Spine">
      <source id="mixamorig_Spine-Matrix-animation-input">
        <float_array id="mixamorig_Spine-Matrix-animation-input-array" count="58">

0.000000 0.033333 0.066667 0.100000 0.133333 0.166667 0.200000 0.233333 0.266667 0.300000 0.333333 0.366667 0.400000 0.433333 0.466667 0.500000
0.533333 0.566667 0.600000 0.633333 0.666667 0.700000 0.733333 0.766667 0.800000 0.833333 0.866667 0.900000 0.933333 0.966667 1.000000 1.033333
1.066667 1.100000 1.133333 1.166667 1.200000 1.233333 1.266667 1.300000 1.333333 1.366667 1.400000 1.433333 1.466667 1.500000 1.533333 1.566667
1.600000 1.633333 1.666667 1.700000 1.733333 1.766667 1.800000 1.833333 1.866667 1.900000</float_array>
        <technique_common>
          <accessor source="#mixamorig_Spine-Matrix-animation-input-array" count="58">
            <param name="TIME" type="float"/>
          </accessor>
        </technique_common>
      </source>
      <source id="mixamorig_Spine-Matrix-animation-output-transform">
        <float_array id="mixamorig_Spine-Matrix-animation-output-transform-array" count="928">

0.996656 0.012308 0.080783 0.000000 -0.010922 0.999786 -0.017575 10.969700 -0.080982 0.016634 0.996577 -0.921700 0.000000 0.000000 0.000000 1.000000
0.997081 0.012484 0.075329 0.000000 -0.011180 0.999781 -0.017703 10.969700 -0.075534 0.016809 0.997002 -0.921700 0.000000 0.000000 0.000000 1.000000
0.997669 0.011597 0.067243 0.000000 -0.010270 0.999746 -0.020046 10.969700 -0.067459 0.019309 0.997535 -0.921700 0.000000 0.000000 0.000000 1.000000
0.998064 0.009081 0.061524 0.000000 -0.007693 0.999712 -0.022747 10.969700 -0.061712 0.022229 0.997846 -0.921700 0.000000 0.000000 0.000000 1.000000
0.998376 0.004239 0.056804 0.000000 -0.002677 0.999617 -0.027553 10.969700 -0.056899 0.027356 0.998005 -0.921700 0.000000 0.000000 0.000000 1.000000
0.998720 -0.001158 0.050575 -0.000000 0.002909 0.999398 -0.034573 10.969700 -0.050505 0.034676 0.998122 -0.921700 0.000000 0.000000 0.000000 1.000000
0.999214 -0.004795 0.039347 -0.000000 0.006493 0.999049 -0.043122 10.969700 -0.039103 0.043344 0.998295 -0.921700 0.000000 0.000000 0.000000 1.000000
0.999634 -0.006733 0.026216 0.000000 0.008184 0.998419 -0.055612 10.969700 -0.025800 0.055806 0.998108 -0.921700 0.000000 0.000000 0.000000 1.000000
0.999807 -0.006420 0.018575 -0.000000 0.007634 0.997786 -0.066070 10.969700 -0.018110 0.066199 0.997642 -0.921700 0.000000 0.000000 0.000000 1.000000
0.999868 -0.006391 0.014928 0.000000 0.007445 0.997406 -0.071597 10.969700 -0.014432 0.071699 0.997322 -0.921700 0.000000 0.000000 0.000000 1.000000
0.999878 -0.010363 0.011703 0.000000 0.011224 0.997041 -0.076042 10.969700 -0.010881 0.076164 0.997036 -0.921700 0.000000 0.000000 0.000000 1.000000
0.999816 -0.012845 0.014278 -0.000000 0.013831 0.997364 -0.071231 10.969700 -0.013325 0.071415 0.997358 -0.921700 0.000000 0.000000 0.000000 1.000000
0.999814 -0.011891 0.015159 -0.000000 0.012730 0.998320 -0.056534 10.969700 -0.014461 0.056716 0.998286 -0.921700 0.000000 0.000000 0.000000 1.000000
0.999835 -0.011643 0.013960 0.000000 0.012271 0.998879 -0.045716 10.969700 -0.013412 0.045880 0.998857 -0.921700 0.000000 0.000000 0.000000 1.000000
0.999802 -0.005846 0.019003 -0.000000 0.006589 0.999207 -0.039275 10.969700 -0.018758 0.039393 0.999048 -0.921700 0.000000 0.000000 0.000000 1.000000
0.999624 0.005068 0.026946 -0.000000 -0.004433 0.999712 -0.023577 10.969700 -0.027058 0.023449 0.999359 -0.921700 0.000000 0.000000 0.000000 1.000000
0.999308 0.015406 0.033847 -0.000000 -0.015209 0.999866 -0.006055 10.969700 -0.033936 0.005536 0.999409 -0.921700 0.000000 0.000000 0.000000 1.000000
0.999046 0.021941 0.037751 0.000000 -0.021752 0.999749 -0.005405 10.969700 -0.037860 0.004579 0.999273 -0.921700 0.000000 0.000000 0.000000 1.000000
0.998853 0.028070 0.038803 0.000000 -0.027492 0.999504 -0.015350 10.969700 -0.039214 0.014265 0.999129 -0.921700 0.000000 0.000000 0.000000 1.000000
0.998792 0.033038 0.036385 0.000000 -0.032044 0.999106 -0.027563 10.969700 -0.037263 0.026363 0.998958 -0.921700 0.000000 0.000000 0.000000 1.000000
0.998675 0.042603 0.028882 0.000000 -0.041292 0.998153 -0.044567 10.969700 -0.030728 0.043316 0.998589 -0.921700 0.000000 0.000000 0.000000 1.000000
0.998565 0.050451 0.017955 0.000000 -0.049123 0.996477 -0.067969 10.969700 -0.021321 0.066990 0.997526 -0.921700 0.000000 0.000000 0.000000 1.000000
0.998312 0.057258 0.009728 0.000000 -0.055974 0.993223 -0.101854 10.969700 -0.015494 0.101138 0.994752 -0.921700 0.000000 0.000000 0.000000 1.000000
0.998004 0.062965 0.004788 -0.000000 -0.061703 0.988500 -0.138060 10.969700 -0.013426 0.137489 0.990412 -0.921700 0.000000 0.000000 0.000000 1.000000
0.998053 0.062359 0.001303 0.000000 -0.061293 0.984439 -0.164690 10.969700 -0.011553 0.164289 0.986345 -0.921700 0.000000 0.000000 0.000000 1.000000
0.998398 0.056539 -0.001975 0.000000 -0.056025 0.983255 -0.173408 10.969700 -0.007863 0.173241 0.984848 -0.921700 0.000000 0.000000 0.000000 1.000000
0.998791 0.048973 -0.004216 0.000000 -0.048993 0.984905 -0.166015 10.969700 -0.003978 0.166020 0.986114 -0.921700 0.000000 0.000000 0.000000 1.000000
0.999153 0.040683 -0.006201 -0.000000 -0.041153 0.988227 -0.147356 10.969700 0.000133 0.147486 0.989064 -0.921700 0.000000 0.000000 0.000000 1.000000
0.999424 0.032349 -0.010255 0.000000 -0.033346 0.992227 -0.119890 10.969700 0.006297 0.120163 0.992734 -0.921700 0.000000 0.000000 0.000000 1.000000
0.999615 0.023861 -0.014169 -0.000000 -0.024997 0.995959 -0.086257 10.969700 0.012054 0.086578 0.996172 -0.921700 0.000000 0.000000 0.000000 1.000000
0.999791 0.016386 -0.012259 0.000000 -0.017016 0.998442 -0.053144 10.969700 0.011369 0.053341 0.998512 -0.921700 0.000000 0.000000 0.000000 1.000000
0.999889 0.011926 -0.008877 0.000000 -0.012177 0.999512 -0.028769 10.969700 0.008529 0.028874 0.999547 -0.921700 0.000000 0.000000 0.000000 1.000000
0.999956 0.007253 -0.005879 0.000000 -0.007322 0.999905 -0.011685 10.969700 0.005794 0.011727 0.999914 -0.921700 0.000000 0.000000 0.000000 1.000000
0.999984 0.003339 -0.004577 -0.000000 -0.003376 0.999961 -0.008216 10.969700 0.004550 0.008232 0.999956 -0.921700 0.000000 0.000000 0.000000 1.000000
0.999998 -0.000490 -0.001784 0.000000 0.000460 0.999856 -0.016935 10.969700 0.001792 0.016934 0.999855 -0.921700 0.000000 0.000000 0.000000 1.000000
0.999983 -0.000753 0.005740 0.000000 0.000957 0.999363 -0.035671 10.969700 -0.005709 0.035676 0.999347 -0.921700 0.000000 0.000000 0.000000 1.000000
0.999965 -0.001958 0.008172 0.000000 0.002423 0.998355 -0.057289 10.969700 -0.008047 0.057307 0.998324 -0.921700 0.000000 0.000000 0.000000 1.000000
0.999894 -0.009492 0.011014 0.000000 0.010362 0.996597 -0.081773 10.969700 -0.010200 0.081879 0.996590 -0.921700 0.000000 0.000000 0.000000 1.000000
0.999716 -0.018434 0.015124 -0.000000 0.019934 0.994177 -0.105902 10.969700 -0.013084 0.106173 0.994262 -0.921700 0.000000 0.000000 0.000000 1.000000
0.999471 -0.027060 0.018038 -0.000000 0.029077 0.991983 -0.122977 10.969700 -0.014565 0.123436 0.992246 -0.921700 0.000000 0.000000 0.000000 1.000000
0.999103 -0.035690 0.022776 -0.000000 0.038474 0.989878 -0.136610 10.969700 -0.017670 0.137363 0.990363 -0.921700 0.000000 0.000000 0.000000 1.000000
0.998726 -0.041489 0.028720 -0.000000 0.045246 0.988287 -0.145747 10.969700 -0.022337 0.146861 0.988905 -0.921700 0.000000 0.000000 0.000000 1.000000
0.998461 -0.044306 0.033347 0.000000 0.048649 0.988484 -0.143290 10.969700 -0.026614 0.144692 0.989119 -0.921700 0.000000 0.000000 0.000000 1.000000
0.998217 -0.045620 0.038498 0.000000 0.050359 0.989867 -0.132771 10.969700 -0.032050 0.134473 0.990399 -0.921700 0.000000 0.000000 0.000000 1.000000
0.998176 -0.042057 0.043316 -0.000000 0.046959 0.991761 -0.119186 10.969700 -0.037947 0.121003 0.991927 -0.921700 0.000000 0.000000 0.000000 1.000000
0.998232 -0.035818 0.047428 0.000000 0.040572 0.993812 -0.103398 10.969700 -0.043431 0.105139 0.993509 -0.921700 0.000000 0.000000 0.000000 1.000000
0.998179 -0.029677 0.052513 0.000000 0.034229 0.995531 -0.088019 10.969700 -0.049666 0.089657 0.994734 -0.921700 0.000000 0.000000 0.000000 1.000000
0.998018 -0.022680 0.058704 -0.000000 0.027070 0.996809 -0.075099 10.969700 -0.056814 0.076539 0.995447 -0.921700 0.000000 0.000000 0.000000 1.000000
0.997765 -0.015637 0.064963 0.000000 0.019718 0.997840 -0.062662 10.969700 -0.063843 0.063803 0.995918 -0.921700 0.000000 0.000000 0.000000 1.000000
0.997498 -0.009374 0.070066 0.000000 0.012847 0.998702 -0.049283 10.969700 -0.069513 0.050060 0.996324 -0.921700 0.000000 0.000000 0.000000 1.000000
0.997221 -0.003375 0.074425 0.000000 0.006146 0.999295 -0.037032 10.969700 -0.074248 0.037387 0.996539 -0.921700 0.000000 0.000000 0.000000 1.000000
0.996976 0.001536 0.077694 0.000000 0.000747 0.999569 -0.029341 10.969700 -0.077706 0.029311 0.996545 -0.921700 0.000000 0.000000 0.000000 1.000000
0.996831 0.005082 0.079384 -0.000000 -0.003068 0.999671 -0.025468 10.969700 -0.079487 0.025144 0.996519 -0.921700 0.000000 0.000000 0.000000 1.000000
0.996750 0.007776 0.080182 0.000000 -0.005921 0.999710 -0.023338 10.969700 -0.080341 0.022787 0.996507 -0.921700 0.000000 0.000000 0.000000 1.000000
0.996694 0.009945 0.080637 -0.000000 -0.008260 0.999741 -0.021200 10.969700 -0.080827 0.020464 0.996518 -0.921700 0.000000 0.000000 0.000000 1.000000
0.996652 0.011503 0.080944 0.000000 -0.009970 0.999764 -0.019324 10.969700 -0.081147 0.018452 0.996531 -0.921700 0.000000 0.000000 0.000000 1.000000
0.996636 0.012316 0.081029 -0.000000 -0.010873 0.999775 -0.018230 10.969700 -0.081235 0.017288 0.996545 -0.921700 0.000000 0.000000 0.000000 1.000000
0.996656 0.012345 0.080777 0.000000 -0.010960 0.999785 -0.017578 10.969700 -0.080977 0.016634 0.996577 -0.921700 0.000000 0.000000 0.000000 1.000000</float_array>
        <technique_common>
          <accessor source="#mixamorig_Spine-Matrix-animation-output-transform-array" count="58" stride="16">
            <param type="float4x4"/>
          </accessor>
        </technique_common>
      </source>
      <source id="mixamorig_Spine-Interpolations">
        <Name_array id="mixamorig_Spine-Interpolations-array" count="58">
 LINEAR LINEAR LINEAR LINEAR LINEAR LINEAR LINEAR LINEAR LINEAR LINEAR LINEAR
LINEAR LINEAR LINEAR LINEAR LINEAR LINEAR LINEAR LINEAR LINEAR LINEAR LINEAR LINEAR
LINEAR LINEAR LINEAR LINEAR LINEAR LINEAR LINEAR LINEAR LINEAR LINEAR LINEAR LINEAR
LINEAR LINEAR LINEAR LINEAR LINEAR LINEAR LINEAR LINEAR LINEAR LINEAR LINEAR LINEAR
LINEAR LINEAR LINEAR LINEAR LINEAR LINEAR LINEAR LINEAR LINEAR LINEAR LINEAR</Name_array>
        <technique_common>
          <accessor source="#mixamorig_Spine-Interpolations-array" count="58">
            <param type="name"/>
          </accessor>
        </technique_common>
      </source>
      <sampler id="mixamorig_Spine-Matrix-animation-transform">
        <input semantic="INPUT" source="#mixamorig_Spine-Matrix-animation-input"/>
        <input semantic="OUTPUT" source="#mixamorig_Spine-Matrix-animation-output-transform"/>
        <input semantic="INTERPOLATION" source="#mixamorig_Spine-Interpolations"/>
      </sampler>
      <channel source="#mixamorig_Spine-Matrix-animation-transform" target="mixamorig_Spine/matrix"/>
    </animation>
    <animation id="mixamorig_Spine1-anim" name="mixamorig_Spine1">
      <source id="mixamorig_Spine1-Matrix-animation-input">
        <float_array id="mixamorig_Spine1-Matrix-animation-input-array" count="58">

0.000000 0.033333 0.066667 0.100000 0.133333 0.166667 0.200000 0.233333 0.266667 0.300000 0.333333 0.366667 0.400000 0.433333 0.466667 0.500000
0.533333 0.566667 0.600000 0.633333 0.666667 0.700000 0.733333 0.766667 0.800000 0.833333 0.866667 0.900000 0.933333 0.966667 1.000000 1.033333
1.066667 1.100000 1.133333 1.166667 1.200000 1.233333 1.266667 1.300000 1.333333 1.366667 1.400000 1.433333 1.466667 1.500000 1.533333 1.566667
1.600000 1.633333 1.666667 1.700000 1.733333 1.766667 1.800000 1.833333 1.866667 1.900000</float_array>
        <technique_common>
          <accessor source="#mixamorig_Spine1-Matrix-animation-input-array" count="58">
            <param name="TIME" type="float"/>
          </accessor>
        </technique_common>
      </source>
      <source id="mixamorig_Spine1-Matrix-animation-output-transform">
        <float_array id="mixamorig_Spine1-Matrix-animation-output-transform-array" count="928">

0.986175 0.039728 0.160872 0.000000 -0.006580 0.979457 -0.201546 12.843100 -0.165574 0.197702 0.966178 0.000000 0.000000 0.000000 0.000000 1.000000
0.987893 0.039914 0.149914 -0.000000 -0.008928 0.979361 -0.201922 12.843100 -0.154879 0.198139 0.967860 -0.000000 0.000000 0.000000 0.000000 1.000000
0.990315 0.038595 0.133366 0.000000 -0.010305 0.978369 -0.206611 12.843100 -0.138456 0.203236 0.969291 -0.000000 0.000000 0.000000 0.000000 1.000000
0.992059 0.035837 0.120561 0.000000 -0.009542 0.977230 -0.211967 12.843100 -0.125412 0.209133 0.969812 0.000000 0.000000 0.000000 0.000000 1.000000
0.993670 0.029341 0.108435 0.000000 -0.004644 0.975191 -0.221316 12.843100 -0.112238 0.219412 0.969155 0.000000 0.000000 0.000000 0.000000 1.000000
0.995539 0.021314 0.091916 0.000000 0.000878 0.972018 -0.234905 12.843100 -0.094351 0.233937 0.967663 0.000000 0.000000 0.000000 0.000000 1.000000
0.997776 0.014383 0.065093 0.000000 0.002447 0.967886 -0.251378 12.843100 -0.066619 0.250978 0.965698 0.000000 0.000000 0.000000 0.000000 1.000000
0.999319 0.008001 0.036024 -0.000000 0.002228 0.961353 -0.275311 12.843100 -0.036834 0.275204 0.960680 0.000000 0.000000 0.000000 0.000000 1.000000
0.999785 0.005966 0.019838 -0.000000 0.000158 0.955407 -0.295293 12.843100 -0.020715 0.295233 0.955201 0.000000 0.000000 0.000000 0.000000 1.000000
0.999904 0.005375 0.012783 0.000000 -0.001208 0.952093 -0.305807 12.843100 -0.013814 0.305762 0.952008 0.000000 0.000000 0.000000 0.000000 1.000000
0.999960 -0.001530 0.008788 0.000000 0.004214 0.949345 -0.314208 12.843100 -0.007863 0.314232 0.949314 0.000000 0.000000 0.000000 0.000000 1.000000
0.999831 -0.004398 0.017831 0.000000 0.009629 0.952288 -0.305050 12.843100 -0.015638 0.305170 0.952169 0.000000 0.000000 0.000000 0.000000 1.000000
0.999711 -0.002492 0.023914 0.000000 0.009019 0.960857 -0.276899 12.843100 -0.022288 0.277034 0.960601 0.000000 0.000000 0.000000 0.000000 1.000000
0.999663 -0.003328 0.025764 0.000000 0.009816 0.966623 -0.256016 12.843100 -0.024053 0.256182 0.966329 0.000000 0.000000 0.000000 0.000000 1.000000
0.999201 0.004806 0.039681 0.000000 0.005010 0.969853 -0.243638 12.843100 -0.039656 0.243642 0.969054 0.000000 0.000000 0.000000 0.000000 1.000000
0.998216 0.020057 0.056236 -0.000000 -0.007616 0.976969 -0.213244 12.843100 -0.059218 0.212436 0.975379 0.000000 0.000000 0.000000 0.000000 1.000000
0.997168 0.033745 0.067208 -0.000000 -0.021219 0.983612 -0.179048 12.843100 -0.072149 0.177115 0.981542 0.000000 0.000000 0.000000 0.000000 1.000000
0.996218 0.045569 0.073978 -0.000000 -0.031773 0.983525 -0.177955 12.843100 -0.080869 0.174932 0.981254 0.000000 0.000000 0.000000 0.000000 1.000000
0.995415 0.059472 0.074917 0.000000 -0.043626 0.979283 -0.197743 12.843100 -0.085125 0.193568 0.977387 -0.000000 0.000000 0.000000 0.000000 1.000000
0.995189 0.070209 0.068333 0.000000 -0.053461 0.973633 -0.221766 12.843100 -0.082102 0.217046 0.972703 -0.000000 0.000000 0.000000 0.000000 1.000000
0.994873 0.086929 0.051686 0.000000 -0.071024 0.964368 -0.254854 12.843100 -0.071998 0.249876 0.965597 0.000000 0.000000 0.000000 0.000000 1.000000
0.994437 0.101619 0.027736 0.000000 -0.088712 0.949915 -0.299653 12.843100 -0.056797 0.295526 0.953645 0.000000 0.000000 0.000000 0.000000 1.000000
0.993289 0.115405 0.007723 0.000000 -0.104729 0.925724 -0.363409 12.843100 -0.049088 0.360161 0.931598 0.000000 0.000000 0.000000 0.000000 1.000000
0.992022 0.125934 -0.005657 -0.000000 -0.116114 0.895351 -0.429959 12.843100 -0.049081 0.427186 0.902831 0.000000 0.000000 0.000000 0.000000 1.000000
0.991996 0.125383 -0.014920 0.000000 -0.117237 0.870708 -0.477623 12.843100 -0.046895 0.475549 0.878438 0.000000 0.000000 0.000000 0.000000 1.000000
0.993111 0.115223 -0.021331 0.000000 -0.110718 0.863037 -0.492858 12.843100 -0.038379 0.491824 0.869848 -0.000000 0.000000 0.000000 0.000000 1.000000
0.994725 0.099916 -0.023204 -0.000000 -0.098763 0.871823 -0.479762 12.843100 -0.027706 0.479523 0.877092 -0.000000 0.000000 0.000000 0.000000 1.000000
0.996370 0.081808 -0.023530 0.000000 -0.083692 0.890906 -0.446411 12.843100 -0.015557 0.446760 0.894518 -0.000000 0.000000 0.000000 0.000000 1.000000
0.997607 0.063114 -0.028232 0.000000 -0.069136 0.915553 -0.396211 12.843100 0.000841 0.397215 0.917725 0.000000 0.000000 0.000000 0.000000 1.000000
0.998355 0.046369 -0.033725 -0.000000 -0.054974 0.941222 -0.333284 12.843100 0.016289 0.334590 0.942223 0.000000 0.000000 0.000000 0.000000 1.000000
0.998999 0.034456 -0.028535 0.000000 -0.040895 0.961954 -0.270133 12.843100 0.018142 0.271030 0.962400 0.000000 0.000000 0.000000 0.000000 1.000000
0.999489 0.026024 -0.018551 0.000000 -0.029509 0.974359 -0.223054 12.843100 0.012270 0.223487 0.974630 0.000000 0.000000 0.000000 0.000000 1.000000
0.999787 0.018427 -0.009346 0.000000 -0.019866 0.981642 -0.189696 12.843100 0.005679 0.189841 0.981798 -0.000000 0.000000 0.000000 0.000000 1.000000
0.999886 0.014297 -0.004812 0.000000 -0.014936 0.983030 -0.182836 12.843100 0.002116 0.182887 0.983132 -0.000000 0.000000 0.000000 0.000000 1.000000
0.999913 0.013121 0.001500 0.000000 -0.012557 0.979741 -0.199874 12.843100 -0.004093 0.199837 0.979821 0.000000 0.000000 0.000000 0.000000 1.000000
0.999769 0.015135 0.015254 -0.000000 -0.011098 0.971553 -0.236564 12.843100 -0.018400 0.236340 0.971496 0.000000 0.000000 0.000000 0.000000 1.000000
0.999752 0.012116 0.018672 0.000000 -0.006439 0.960440 -0.278413 12.843100 -0.021307 0.278224 0.960280 0.000000 0.000000 0.000000 0.000000 1.000000
0.999700 -0.002868 0.024339 0.000000 0.010629 0.945604 -0.325145 12.843100 -0.022083 0.325306 0.945351 -0.000000 0.000000 0.000000 0.000000 1.000000
0.999241 -0.020534 0.033099 0.000000 0.031347 0.928334 -0.370424 12.843100 -0.023120 0.371181 0.928273 -0.000000 0.000000 0.000000 0.000000 1.000000
0.998493 -0.037913 0.039672 0.000000 0.050683 0.914281 -0.401897 12.843100 -0.021034 0.403302 0.914825 -0.000000 0.000000 0.000000 0.000000 1.000000
0.997248 -0.054491 0.050263 0.000000 0.070768 0.901698 -0.426536 12.843100 -0.022079 0.428919 0.903073 0.000000 0.000000 0.000000 0.000000 1.000000
0.995982 -0.063980 0.062659 -0.000000 0.085192 0.892607 -0.442713 12.843100 -0.027605 0.446273 0.894471 0.000000 0.000000 0.000000 0.000000 1.000000
0.995138 -0.067623 0.071611 0.000000 0.092283 0.894244 -0.437962 12.843100 -0.034422 0.442441 0.896137 -0.000000 0.000000 0.000000 0.000000 1.000000
0.994354 -0.068276 0.081233 0.000000 0.096201 0.903094 -0.418530 12.843100 -0.044785 0.423981 0.904563 -0.000000 0.000000 0.000000 0.000000 1.000000
0.994146 -0.060144 0.089758 0.000000 0.090872 0.914823 -0.393498 12.843100 -0.058446 0.399351 0.914933 0.000000 0.000000 0.000000 0.000000 1.000000
0.994100 -0.048191 0.097177 0.000000 0.080583 0.927815 -0.364234 12.843100 -0.072609 0.369915 0.926224 -0.000000 0.000000 0.000000 0.000000 1.000000
0.993590 -0.036935 0.106842 0.000000 0.070985 0.939404 -0.335381 12.843100 -0.087980 0.340815 0.936005 0.000000 0.000000 0.000000 0.000000 1.000000
0.992616 -0.024351 0.118827 -0.000000 0.060491 0.948505 -0.310932 12.843100 -0.105136 0.315824 0.942975 -0.000000 0.000000 0.000000 0.000000 1.000000
0.991327 -0.011806 0.130890 0.000000 0.049324 0.956575 -0.287284 12.843100 -0.121815 0.291248 0.948860 0.000000 0.000000 0.000000 0.000000 1.000000
0.990060 -0.000653 0.140644 -0.000000 0.037820 0.964392 -0.261759 12.843100 -0.135465 0.264477 0.954831 0.000000 0.000000 0.000000 0.000000 1.000000
0.988788 0.010215 0.148976 0.000000 0.025881 0.970835 -0.238347 12.843100 -0.147066 0.239530 0.959686 -0.000000 0.000000 0.000000 0.000000 1.000000
0.987693 0.019361 0.155200 0.000000 0.016046 0.974529 -0.223686 12.843100 -0.155578 0.223424 0.962225 0.000000 0.000000 0.000000 0.000000 1.000000
0.987040 0.026105 0.158334 0.000000 0.008890 0.976268 -0.216383 12.843100 -0.160225 0.214986 0.963384 -0.000000 0.000000 0.000000 0.000000 1.000000
0.986664 0.031278 0.159738 0.000000 0.003415 0.977170 -0.212430 12.843100 -0.162736 0.210143 0.964032 0.000000 0.000000 0.000000 0.000000 1.000000
0.986395 0.035377 0.160542 0.000000 -0.001154 0.978037 -0.208428 12.843100 -0.164389 0.205407 0.964772 -0.000000 0.000000 0.000000 0.000000 1.000000
0.986193 0.038291 0.161110 0.000000 -0.004531 0.978775 -0.204888 12.843100 -0.165535 0.201329 0.965435 0.000000 0.000000 0.000000 0.000000 1.000000
0.986106 0.039802 0.161276 0.000000 -0.006352 0.979196 -0.202819 12.843100 -0.165993 0.198977 0.965844 0.000000 0.000000 0.000000 0.000000 1.000000
0.986177 0.039763 0.160855 0.000000 -0.006618 0.979456 -0.201551 12.843100 -0.165564 0.197700 0.966180 0.000000 0.000000 0.000000 0.000000 1.000000</float_array>
        <technique_common>
          <accessor source="#mixamorig_Spine1-Matrix-animation-output-transform-array" count="58" stride="16">
            <param type="float4x4"/>
          </accessor>
        </technique_common>
      </source>
      <source id="mixamorig_Spine1-Interpolations">
        <Name_array id="mixamorig_Spine1-Interpolations-array" count="58">
 LINEAR LINEAR LINEAR LINEAR LINEAR LINEAR LINEAR LINEAR LINEAR LINEAR LINEAR
LINEAR LINEAR LINEAR LINEAR LINEAR LINEAR LINEAR LINEAR LINEAR LINEAR LINEAR LINEAR
LINEAR LINEAR LINEAR LINEAR LINEAR LINEAR LINEAR LINEAR LINEAR LINEAR LINEAR LINEAR
LINEAR LINEAR LINEAR LINEAR LINEAR LINEAR LINEAR LINEAR LINEAR LINEAR LINEAR LINEAR
LINEAR LINEAR LINEAR LINEAR LINEAR LINEAR LINEAR LINEAR LINEAR LINEAR LINEAR</Name_array>
        <technique_common>
          <accessor source="#mixamorig_Spine1-Interpolations-array" count="58">
            <param type="name"/>
          </accessor>
        </technique_common>
      </source>
      <sampler id="mixamorig_Spine1-Matrix-animation-transform">
        <input semantic="INPUT" source="#mixamorig_Spine1-Matrix-animation-input"/>
        <input semantic="OUTPUT" source="#mixamorig_Spine1-Matrix-animation-output-transform"/>
        <input semantic="INTERPOLATION" source="#mixamorig_Spine1-Interpolations"/>
      </sampler>
      <channel source="#mixamorig_Spine1-Matrix-animation-transform" target="mixamorig_Spine1/matrix"/>
    </animation>
    <animation id="mixamorig_Spine2-anim" name="mixamorig_Spine2">
      <source id="mixamorig_Spine2-Matrix-animation-input">
        <float_array id="mixamorig_Spine2-Matrix-animation-input-array" count="58">

0.000000 0.033333 0.066667 0.100000 0.133333 0.166667 0.200000 0.233333 0.266667 0.300000 0.333333 0.366667 0.400000 0.433333 0.466667 0.500000
0.533333 0.566667 0.600000 0.633333 0.666667 0.700000 0.733333 0.766667 0.800000 0.833333 0.866667 0.900000 0.933333 0.966667 1.000000 1.033333
1.066667 1.100000 1.133333 1.166667 1.200000 1.233333 1.266667 1.300000 1.333333 1.366667 1.400000 1.433333 1.466667 1.500000 1.533333 1.566667
1.600000 1.633333 1.666667 1.700000 1.733333 1.766667 1.800000 1.833333 1.866667 1.900000</float_array>
        <technique_common>
          <accessor source="#mixamorig_Spine2-Matrix-animation-input-array" count="58">
            <param name="TIME" type="float"/>
          </accessor>
        </technique_common>
      </source>
      <source id="mixamorig_Spine2-Matrix-animation-output-transform">
        <float_array id="mixamorig_Spine2-Matrix-animation-output-transform-array" count="928">

0.986175 0.039728 0.160872 0.000000 -0.006580 0.979457 -0.201546 14.677800 -0.165574 0.197702 0.966178 -0.000000 0.000000 0.000000 0.000000 1.000000
0.987893 0.039914 0.149913 -0.000000 -0.008928 0.979361 -0.201922 14.677800 -0.154879 0.198139 0.967860 0.000000 0.000000 0.000000 0.000000 1.000000
0.990315 0.038595 0.133366 -0.000000 -0.010305 0.978369 -0.206611 14.677800 -0.138456 0.203236 0.969291 0.000000 0.000000 0.000000 0.000000 1.000000
0.992059 0.035837 0.120561 -0.000000 -0.009542 0.977230 -0.211967 14.677800 -0.125412 0.209133 0.969812 0.000000 0.000000 0.000000 0.000000 1.000000
0.993670 0.029341 0.108435 -0.000000 -0.004644 0.975191 -0.221316 14.677800 -0.112238 0.219412 0.969155 -0.000000 0.000000 0.000000 0.000000 1.000000
0.995539 0.021314 0.091916 0.000000 0.000878 0.972018 -0.234904 14.677800 -0.094351 0.233937 0.967663 0.000000 0.000000 0.000000 0.000000 1.000000
0.997776 0.014383 0.065093 0.000000 0.002447 0.967886 -0.251378 14.677800 -0.066618 0.250978 0.965698 0.000000 0.000000 0.000000 0.000000 1.000000
0.999319 0.008000 0.036024 0.000000 0.002228 0.961353 -0.275311 14.677800 -0.036834 0.275204 0.960680 -0.000000 0.000000 0.000000 0.000000 1.000000
0.999785 0.005966 0.019838 0.000000 0.000158 0.955407 -0.295293 14.677800 -0.020715 0.295233 0.955201 0.000000 0.000000 0.000000 0.000000 1.000000
0.999904 0.005374 0.012783 -0.000000 -0.001208 0.952093 -0.305807 14.677800 -0.013814 0.305762 0.952008 0.000000 0.000000 0.000000 0.000000 1.000000
0.999960 -0.001530 0.008788 0.000000 0.004214 0.949345 -0.314208 14.677800 -0.007863 0.314232 0.949314 0.000000 0.000000 0.000000 0.000000 1.000000
0.999831 -0.004398 0.017830 0.000000 0.009629 0.952288 -0.305050 14.677800 -0.015638 0.305170 0.952169 0.000000 0.000000 0.000000 0.000000 1.000000
0.999711 -0.002492 0.023915 0.000000 0.009019 0.960857 -0.276899 14.677800 -0.022288 0.277034 0.960602 0.000000 0.000000 0.000000 0.000000 1.000000
0.999663 -0.003328 0.025764 -0.000000 0.009816 0.966623 -0.256016 14.677800 -0.024052 0.256182 0.966329 0.000000 0.000000 0.000000 0.000000 1.000000
0.999201 0.004806 0.039681 0.000000 0.005010 0.969853 -0.243638 14.677800 -0.039656 0.243642 0.969054 -0.000000 0.000000 0.000000 0.000000 1.000000
0.998216 0.020057 0.056236 0.000000 -0.007616 0.976969 -0.213244 14.677800 -0.059218 0.212436 0.975379 0.000000 0.000000 0.000000 0.000000 1.000000
0.997168 0.033745 0.067208 0.000000 -0.021219 0.983612 -0.179048 14.677800 -0.072149 0.177115 0.981542 0.000000 0.000000 0.000000 0.000000 1.000000
0.996218 0.045569 0.073979 0.000000 -0.031773 0.983525 -0.177955 14.677800 -0.080869 0.174932 0.981254 -0.000000 0.000000 0.000000 0.000000 1.000000
0.995415 0.059473 0.074917 -0.000000 -0.043626 0.979283 -0.197743 14.677800 -0.085125 0.193568 0.977387 0.000000 0.000000 0.000000 0.000000 1.000000
0.995189 0.070209 0.068333 -0.000000 -0.053461 0.973633 -0.221766 14.677800 -0.082102 0.217046 0.972703 0.000000 0.000000 0.000000 0.000000 1.000000
0.994873 0.086929 0.051686 -0.000000 -0.071024 0.964368 -0.254854 14.677800 -0.071998 0.249876 0.965597 0.000000 0.000000 0.000000 0.000000 1.000000
0.994437 0.101619 0.027736 0.000000 -0.088712 0.949915 -0.299653 14.677800 -0.056797 0.295526 0.953645 0.000000 0.000000 0.000000 0.000000 1.000000
0.993289 0.115405 0.007723 0.000000 -0.104729 0.925724 -0.363409 14.677800 -0.049088 0.360161 0.931598 0.000000 0.000000 0.000000 0.000000 1.000000
0.992022 0.125934 -0.005657 0.000000 -0.116114 0.895351 -0.429959 14.677800 -0.049081 0.427186 0.902831 0.000000 0.000000 0.000000 0.000000 1.000000
0.991996 0.125383 -0.014920 -0.000000 -0.117237 0.870708 -0.477622 14.677800 -0.046895 0.475549 0.878438 0.000000 0.000000 0.000000 0.000000 1.000000
0.993111 0.115223 -0.021331 0.000000 -0.110718 0.863037 -0.492858 14.677800 -0.038379 0.491824 0.869848 0.000000 0.000000 0.000000 0.000000 1.000000
0.994725 0.099917 -0.023204 -0.000000 -0.098763 0.871823 -0.479762 14.677800 -0.027706 0.479523 0.877092 0.000000 0.000000 0.000000 0.000000 1.000000
0.996370 0.081808 -0.023531 0.000000 -0.083692 0.890906 -0.446411 14.677800 -0.015556 0.446760 0.894518 0.000000 0.000000 0.000000 0.000000 1.000000
0.997607 0.063114 -0.028232 -0.000000 -0.069135 0.915553 -0.396211 14.677800 0.000841 0.397215 0.917725 0.000000 0.000000 0.000000 0.000000 1.000000
0.998355 0.046369 -0.033725 0.000000 -0.054974 0.941222 -0.333285 14.677800 0.016289 0.334590 0.942223 0.000000 0.000000 0.000000 0.000000 1.000000
0.998999 0.034456 -0.028535 -0.000000 -0.040895 0.961954 -0.270133 14.677800 0.018142 0.271030 0.962400 0.000000 0.000000 0.000000 0.000000 1.000000
